t	x_ekf	y_ekf	th_ekf
-0.0000	0.0001	-2.0000	0.0002
0.0660	0.0001	-2.0000	0.0002
0.0990	0.0001	-2.0000	0.0002
0.1670	0.0001	-2.0000	0.0002
0.2330	0.0001	-2.0000	0.0002
0.2670	0.0001	-2.0000	0.0003
0.3000	0.0001	-2.0000	0.0002
0.3330	0.0001	-2.0000	0.0002
0.4000	0.0001	-2.0000	0.0003
0.4330	0.0001	-2.0000	0.0003
0.4660	0.0001	-2.0000	0.0003
0.5310	0.0001	-2.0000	0.0003
0.5680	0.0001	-2.0000	0.0002
0.6020	0.0001	-2.0000	0.0002
0.6330	0.0001	-2.0000	0.0002
0.6990	0.0001	-2.0000	0.0002
0.7330	0.0001	-2.0000	0.0002
0.8000	0.0001	-2.0000	0.0002
0.8310	0.0001	-2.0000	0.0003
0.8930	0.0001	-2.0000	0.0002
0.9280	0.0001	-2.0000	0.0002
0.9670	0.0001	-2.0000	0.0002
1.0330	0.0001	-2.0000	0.0002
1.0680	0.0001	-2.0000	0.0002
1.0970	0.0001	-2.0000	0.0003
1.1320	0.0001	-2.0000	0.0002
1.1970	0.0001	-2.0000	0.0003
1.2320	0.0001	-2.0000	0.0003
1.2670	0.0001	-2.0000	0.0003
1.3010	0.0001	-2.0000	0.0003
1.3670	0.0001	-2.0000	0.0003
1.4000	0.0001	-2.0000	0.0003
1.4330	0.0001	-2.0000	0.0003
1.5000	0.0001	-2.0000	0.0003
1.5670	0.0001	-2.0000	0.0003
1.5970	0.0001	-2.0000	0.0003
1.6650	0.0001	-2.0000	0.0003
1.7340	0.0001	-2.0000	0.0003
1.8000	0.0001	-2.0000	0.0003
1.8660	0.0001	-2.0000	0.0003
1.9000	0.0001	-2.0000	0.0003
1.9670	0.0001	-2.0000	0.0003
2.0340	0.0061	-2.0000	0.0003
2.0990	0.0268	-2.0000	0.0009
2.1330	0.0471	-2.0000	0.0021
2.2000	0.0767	-1.9999	0.0040
2.2320	0.1016	-1.9998	0.0046
2.3010	0.1313	-1.9996	0.0046
2.3650	0.1652	-1.9995	0.0046
2.4310	0.1876	-1.9994	0.0047
2.4670	0.2212	-1.9992	0.0047
2.5310	0.2547	-1.9991	0.0047
2.5650	0.2603	-1.9990	0.0047
2.5980	0.2770	-1.9990	0.0047
2.6660	0.3105	-1.9988	0.0047
2.6980	0.3384	-1.9987	0.0046
2.7320	0.3440	-1.9986	0.0046
2.7680	0.3718	-1.9985	0.0046
2.8290	0.3996	-1.9984	0.0046
2.9010	0.4330	-1.9982	0.0046
2.9670	0.4720	-1.9981	0.0046
3.0330	0.4998	-1.9979	0.0046
3.0680	0.5275	-1.9978	0.0046
3.0980	0.5331	-1.9978	0.0046
3.1330	0.5553	-1.9977	0.0046
3.1660	0.5775	-1.9976	0.0046
3.2330	0.5997	-1.9975	0.0046
3.2660	0.6219	-1.9974	0.0046
3.3320	0.6441	-1.9973	0.0046
3.3670	0.6718	-1.9971	0.0046
3.4010	0.6940	-1.9970	0.0046
3.4330	0.7051	-1.9970	0.0046
3.4670	0.7217	-1.9969	0.0046
3.4990	0.7439	-1.9968	0.0046
3.5650	0.7660	-1.9967	0.0046
3.5990	0.7937	-1.9966	0.0046
3.6650	0.8214	-1.9964	0.0046
3.7330	0.8491	-1.9963	0.0046
3.7670	0.8823	-1.9962	0.0046
3.8310	0.9044	-1.9960	0.0046
3.8670	0.9320	-1.9959	0.0046
3.9340	0.9652	-1.9958	0.0046
4.0000	0.9873	-1.9957	0.0046
4.0330	1.0094	-1.9956	0.0046
4.0660	1.0315	-1.9955	0.0046
4.1320	1.0536	-1.9954	0.0046
4.1630	1.0757	-1.9953	0.0046
4.2250	1.1033	-1.9951	0.0046
4.2670	1.1310	-1.9950	0.0046
4.3330	1.1586	-1.9949	0.0046
4.3680	1.1806	-1.9948	0.0046
4.3970	1.1917	-1.9947	0.0046
4.4330	1.2138	-1.9946	0.0046
4.5000	1.2358	-1.9945	0.0046
4.5330	1.2634	-1.9944	0.0046
4.5990	1.2965	-1.9942	0.0046
4.6650	1.3186	-1.9941	0.0046
4.6980	1.3407	-1.9940	0.0046
4.7670	1.3682	-1.9939	0.0046
4.8000	1.4013	-1.9938	0.0046
4.8680	1.4234	-1.9937	0.0046
4.9000	1.4454	-1.9936	0.0046
4.9660	1.4675	-1.9935	0.0046
4.9980	1.4950	-1.9933	0.0046
5.0670	1.5226	-1.9932	0.0046
5.1350	1.5502	-1.9931	0.0046
5.1660	1.5832	-1.9929	0.0046
5.2320	1.6163	-1.9928	0.0046
5.2670	1.6218	-1.9928	0.0046
5.3000	1.6383	-1.9927	0.0046
5.3330	1.6604	-1.9926	0.0046
5.3990	1.6879	-1.9925	0.0046
5.4310	1.7155	-1.9923	0.0046
5.5010	1.7485	-1.9922	0.0046
5.5650	1.7706	-1.9921	0.0045
5.6010	1.7981	-1.9919	0.0045
5.6660	1.8256	-1.9918	0.0045
5.7310	1.8532	-1.9917	0.0045
5.7670	1.8807	-1.9916	0.0045
5.8330	1.9138	-1.9914	0.0045
5.8670	1.9303	-1.9914	0.0045
5.9330	1.9578	-1.9912	0.0045
5.9660	1.9853	-1.9911	0.0045
5.9990	1.9908	-1.9911	0.0045
6.0330	2.0129	-1.9910	0.0045
6.1000	2.0404	-1.9909	0.0045
6.1330	2.0679	-1.9907	0.0045
6.1670	2.0734	-1.9907	0.0045
6.2010	2.0954	-1.9906	0.0045
6.2660	2.1230	-1.9905	0.0045
6.2950	2.1450	-1.9904	0.0045
6.3320	2.1560	-1.9903	0.0045
6.3690	2.1835	-1.9902	0.0045
6.4310	2.2110	-1.9901	0.0045
6.4980	2.2385	-1.9900	0.0045
6.5330	2.2661	-1.9898	0.0045
6.6010	2.2936	-1.9897	0.0045
6.6660	2.3211	-1.9896	0.0045
6.6990	2.3486	-1.9895	0.0045
6.7670	2.3761	-1.9893	0.0045
6.8310	2.4037	-1.9892	0.0045
6.8980	2.4367	-1.9891	0.0044
6.9320	2.4697	-1.9889	0.0044
6.9650	2.4752	-1.9889	0.0044
6.9980	2.4972	-1.9888	0.0044
7.0690	2.5302	-1.9887	0.0044
7.1330	2.5687	-1.9885	0.0045
7.2020	2.5852	-1.9884	0.0045
7.2340	2.6127	-1.9883	0.0045
7.3000	2.6403	-1.9882	0.0045
7.3320	2.6678	-1.9881	0.0044
7.3660	2.6733	-1.9880	0.0044
7.3970	2.7008	-1.9879	0.0045
7.4680	2.7338	-1.9878	0.0044
7.5330	2.7558	-1.9877	0.0044
7.5670	2.7778	-1.9876	0.0044
7.6320	2.8053	-1.9874	0.0044
7.6660	2.8328	-1.9873	0.0044
7.6960	2.8383	-1.9873	0.0044
7.7310	2.8603	-1.9872	0.0044
7.7960	2.8933	-1.9870	0.0044
7.8660	2.9319	-1.9869	0.0044
7.9250	2.9539	-1.9868	0.0044
7.9980	2.9869	-1.9866	0.0044
8.0640	3.0199	-1.9865	0.0044
8.1050	3.0529	-1.9863	0.0045
8.1350	3.0584	-1.9863	0.0045
8.1970	3.0859	-1.9862	0.0045
8.2320	3.1189	-1.9860	0.0045
8.2970	3.1464	-1.9859	0.0045
8.3310	3.1574	-1.9859	0.0045
8.4010	3.1849	-1.9858	0.0045
8.4320	3.2179	-1.9856	0.0044
8.4990	3.2509	-1.9855	0.0044
8.5300	3.2564	-1.9854	0.0044
8.5980	3.2839	-1.9853	0.0044
8.6260	3.3114	-1.9852	0.0044
8.6980	3.3444	-1.9850	0.0044
8.7670	3.3829	-1.9849	0.0044
8.8300	3.3994	-1.9848	0.0044
8.8670	3.4159	-1.9847	0.0044
8.8970	3.4554	-1.9846	0.0055
8.9330	3.4926	-1.9844	0.0079
8.9670	3.5129	-1.9842	0.0094
9.0010	3.5455	-1.9838	0.0120
9.0270	3.5908	-1.9832	0.0142
9.0990	3.6367	-1.9826	0.0153
9.1320	3.6826	-1.9818	0.0159
9.1660	3.7284	-1.9811	0.0160
9.2310	3.7843	-1.9802	0.0160
9.2990	3.8398	-1.9793	0.0160
9.3330	3.8952	-1.9784	0.0160
9.4000	3.9507	-1.9776	0.0160
9.4330	4.0061	-1.9767	0.0160
9.4970	4.0504	-1.9760	0.0160
9.5320	4.1057	-1.9751	0.0159
9.6010	4.1500	-1.9744	0.0159
9.6680	4.2164	-1.9733	0.0159
9.7010	4.2718	-1.9724	0.0159
9.7320	4.2939	-1.9721	0.0159
9.8010	4.3381	-1.9714	0.0159
9.8330	4.3824	-1.9707	0.0159
9.8670	4.4266	-1.9700	0.0159
9.9320	4.4708	-1.9693	0.0159
9.9670	4.5261	-1.9684	0.0159
9.9990	4.5703	-1.9677	0.0159
10.0320	4.5924	-1.9673	0.0159
10.0680	4.6255	-1.9668	0.0159
10.1340	4.6808	-1.9659	0.0159
10.1670	4.7360	-1.9650	0.0159
10.2330	4.7912	-1.9642	0.0159
10.2980	4.8464	-1.9633	0.0159
10.3330	4.9126	-1.9622	0.0159
10.4000	4.9568	-1.9615	0.0159
10.4340	5.0009	-1.9608	0.0159
10.4990	5.0561	-1.9600	0.0159
10.5660	5.1113	-1.9591	0.0158
10.6000	5.1664	-1.9582	0.0158
10.6670	5.2216	-1.9573	0.0158
10.7330	5.2767	-1.9565	0.0158
10.7670	5.3319	-1.9556	0.0158
10.8010	5.3760	-1.9549	0.0158
10.8330	5.3980	-1.9545	0.0158
10.8670	5.4311	-1.9540	0.0158
10.9330	5.4862	-1.9532	0.0158
10.9660	5.5414	-1.9523	0.0158
11.0000	5.5524	-1.9521	0.0158
11.0320	5.5854	-1.9516	0.0158
11.0680	5.6406	-1.9507	0.0158
11.1340	5.7067	-1.9497	0.0158
11.1670	5.7397	-1.9491	0.0158
11.2330	5.7948	-1.9483	0.0158
11.2670	5.8389	-1.9476	0.0158
11.3020	5.8609	-1.9472	0.0158
11.3320	5.9050	-1.9465	0.0158
11.3970	5.9491	-1.9458	0.0158
11.4670	6.0152	-1.9448	0.0157
11.5000	6.0813	-1.9438	0.0157
11.5670	6.1143	-1.9432	0.0157
11.5990	6.1584	-1.9425	0.0157
11.6330	6.2024	-1.9419	0.0157
11.7000	6.2465	-1.9412	0.0157
11.7330	6.2905	-1.9405	0.0157
11.7970	6.3456	-1.9396	0.0157
11.8330	6.4117	-1.9386	0.0157
11.8950	6.4557	-1.9379	0.0157
11.9640	6.5218	-1.9368	0.0157
11.9980	6.5768	-1.9360	0.0157
12.0310	6.5988	-1.9356	0.0157
12.0670	6.6429	-1.9349	0.0157
12.1330	6.6869	-1.9342	0.0157
12.1660	6.7419	-1.9334	0.0157
12.2310	6.7970	-1.9325	0.0156
12.2670	6.8410	-1.9318	0.0156
12.3000	6.8630	-1.9315	0.0156
12.3330	6.9071	-1.9308	0.0156
12.4010	6.9621	-1.9299	0.0156
12.4650	7.0171	-1.9291	0.0156
12.5310	7.0722	-1.9282	0.0156
12.5660	7.1382	-1.9272	0.0156
12.6300	7.2152	-1.9260	0.0156
12.6990	7.2703	-1.9251	0.0156
12.7670	7.3253	-1.9243	0.0156
12.7980	7.3803	-1.9234	0.0156
12.8320	7.3913	-1.9232	0.0156
12.8660	7.4353	-1.9225	0.0156
12.9330	7.4903	-1.9217	0.0156
12.9680	7.5454	-1.9208	0.0156
13.0000	7.5564	-1.9207	0.0156
13.0330	7.6114	-1.9198	0.0156
13.0980	7.6774	-1.9188	0.0156
13.1650	7.7214	-1.9181	0.0156
13.2300	7.7875	-1.9171	0.0156
13.2670	7.8425	-1.9162	0.0155
13.2920	7.8535	-1.9160	0.0155
13.3310	7.8975	-1.9153	0.0155
13.3980	7.9525	-1.9145	0.0155
13.4660	8.0075	-1.9136	0.0155
13.5000	8.0735	-1.9126	0.0155
13.5650	8.1395	-1.9116	0.0155
13.6310	8.1835	-1.9109	0.0155
13.6660	8.2496	-1.9099	0.0155
13.7300	8.3046	-1.9090	0.0155
13.7640	8.3266	-1.9087	0.0155
13.7940	8.3706	-1.9080	0.0155
13.8670	8.4256	-1.9072	0.0155
13.8980	8.4806	-1.9063	0.0155
13.9660	8.5246	-1.9056	0.0155
14.0340	8.5796	-1.9048	0.0155
14.0670	8.6346	-1.9039	0.0155
14.0990	8.6786	-1.9032	0.0155
14.1330	8.7006	-1.9029	0.0155
14.1670	8.7336	-1.9024	0.0155
14.2320	8.7886	-1.9015	0.0155
14.2680	8.8436	-1.9007	0.0155
14.2990	8.8546	-1.9005	0.0155
14.3330	8.8986	-1.8998	0.0155
14.4000	8.9536	-1.8990	0.0155
14.4330	9.0086	-1.8981	0.0155
14.4650	9.0196	-1.8980	0.0155
14.5000	9.0526	-1.8974	0.0155
14.5330	9.0966	-1.8968	0.0154
14.5670	9.1406	-1.8961	0.0154
14.6290	9.1846	-1.8954	0.0154
14.6670	9.2396	-1.8946	0.0154
14.7320	9.3056	-1.8935	0.0154
14.7990	9.3496	-1.8929	0.0154
14.8680	9.4046	-1.8920	0.0154
14.9010	9.4706	-1.8910	0.0154
14.9670	9.5476	-1.8898	0.0154
15.0330	9.6026	-1.8890	0.0154
15.0660	9.6460	-1.8883	0.0160
15.0930	9.6678	-1.8879	0.0176
15.1650	9.7122	-1.8870	0.0218
15.2000	9.7681	-1.8856	0.0279
15.2650	9.8239	-1.8838	0.0343
15.3000	9.8791	-1.8817	0.0420
15.3670	9.9449	-1.8786	0.0522
15.4300	10.0105	-1.8748	0.0629
15.4690	10.0214	-1.8741	0.0648
15.5010	10.0760	-1.8702	0.0739
15.5650	10.1311	-1.8659	0.0822
15.6310	10.1863	-1.8611	0.0899
15.7000	10.2410	-1.8559	0.0990
15.7280	10.3067	-1.8490	0.1096
15.8000	10.3728	-1.8413	0.1197
15.8310	10.4060	-1.8373	0.1244
15.9000	10.4607	-1.8301	0.1337
15.9320	10.5150	-1.8225	0.1438
15.9680	10.5257	-1.8210	0.1458
15.9980	10.5582	-1.8161	0.1521
16.0670	10.6125	-1.8074	0.1618
16.1000	10.6777	-1.7964	0.1735
16.1660	10.7211	-1.7886	0.1815
16.2000	10.7751	-1.7784	0.1916
16.2670	10.8398	-1.7654	0.2038
16.3330	10.8721	-1.7586	0.2100
16.3660	10.9258	-1.7468	0.2203
16.3990	10.9686	-1.7370	0.2288
16.4330	10.9899	-1.7320	0.2332
16.4630	11.0218	-1.7243	0.2399
16.5330	11.0639	-1.7137	0.2493
16.5640	11.1163	-1.7000	0.2614
16.6000	11.1580	-1.6887	0.2713
16.6330	11.1788	-1.6828	0.2762
16.6650	11.2210	-1.6706	0.2854
16.6980	11.2423	-1.6643	0.2896
16.7330	11.2739	-1.6548	0.2961
16.7640	11.3055	-1.6450	0.3029
16.8310	11.3578	-1.6283	0.3142
16.8650	11.4101	-1.6110	0.3253
16.9310	11.4621	-1.5930	0.3368
17.0020	11.5139	-1.5746	0.3484
17.0280	11.5656	-1.5554	0.3599
17.1000	11.6274	-1.5316	0.3739
17.1340	11.6682	-1.5153	0.3833
17.2020	11.7091	-1.4986	0.3926
17.2660	11.7600	-1.4772	0.4041
17.2980	11.8109	-1.4550	0.4148
17.3650	11.8615	-1.4324	0.4259
17.4020	11.9117	-1.4092	0.4371
17.4320	11.9217	-1.4046	0.4395
17.4640	11.9614	-1.3856	0.4489
17.5330	12.0205	-1.3566	0.4631
17.5660	12.0596	-1.3368	0.4728
17.6000	12.0790	-1.3269	0.4778
17.6650	12.1174	-1.3067	0.4883
17.7010	12.1658	-1.2805	0.5006
17.7670	12.2239	-1.2482	0.5146
17.8330	12.2812	-1.2152	0.5289
17.9000	12.3189	-1.1929	0.5389
17.9300	12.3752	-1.1586	0.5537
17.9940	12.4311	-1.1234	0.5684
18.0660	12.4957	-1.0813	0.5857
18.1340	12.5232	-1.0629	0.5930
18.1670	12.5685	-1.0319	0.6055
18.2320	12.6136	-1.0003	0.6179
18.2670	12.6581	-0.9682	0.6304
18.3010	12.6671	-0.9616	0.6329
18.3330	12.7113	-0.9287	0.6454
18.4000	12.7637	-0.8886	0.6605
18.4650	12.7983	-0.8614	0.6706
18.5000	12.8412	-0.8269	0.6831
18.5680	12.8922	-0.7847	0.6983
18.6330	12.9257	-0.7562	0.7083
18.6670	12.9590	-0.7274	0.7182
18.7320	13.0002	-0.6909	0.7307
18.7960	13.0409	-0.6539	0.7433
18.8310	13.0810	-0.6165	0.7560
18.8990	13.1288	-0.5707	0.7713
18.9640	13.1758	-0.5244	0.7865
19.0290	13.2297	-0.4692	0.8042
19.0980	13.2677	-0.4293	0.8167
19.1580	13.3051	-0.3889	0.8293
19.2310	13.3492	-0.3399	0.8445
19.2930	13.3998	-0.2818	0.8621
19.3640	13.4353	-0.2398	0.8747
19.4050	13.4773	-0.1888	0.8899
19.4660	13.5184	-0.1371	0.9050
19.5290	13.5520	-0.0937	0.9177
19.5980	13.5852	-0.0498	0.9303
19.6320	13.6177	-0.0054	0.9429
19.7000	13.6562	0.0484	0.9580
19.7650	13.6751	0.0756	0.9657
19.7990	13.6999	0.1119	0.9757
19.8340	13.7304	0.1576	0.9883
19.8990	13.7663	0.2130	1.0036
19.9680	13.7839	0.2410	1.0114
19.9990	13.8128	0.2878	1.0241
20.0340	13.8355	0.3256	1.0342
20.0640	13.8467	0.3446	1.0394
20.0970	13.8688	0.3826	1.0496
20.1660	13.8904	0.4208	1.0597
20.1980	13.9170	0.4689	1.0723
20.2660	13.9429	0.5172	1.0848
20.2990	13.9683	0.5662	1.0974
20.3310	13.9733	0.5760	1.0999
20.3650	13.9931	0.6154	1.1101
20.4280	14.0124	0.6548	1.1201
20.4660	14.0360	0.7045	1.1326
20.5300	14.0590	0.7545	1.1450
20.5960	14.0814	0.8048	1.1577
20.6300	14.1074	0.8654	1.1728
20.7000	14.1242	0.9061	1.1830
20.7320	14.1407	0.9468	1.1909
20.8000	14.1610	0.9981	1.1957
20.8340	14.1811	1.0494	1.1981
20.9010	14.2051	1.1109	1.1991
20.9670	14.2171	1.1416	1.1993
21.0310	14.2410	1.2030	1.1996
21.0610	14.2649	1.2645	1.1998
21.0990	14.2689	1.2747	1.1998
21.1320	14.2888	1.3259	1.2000
21.2010	14.3087	1.3771	1.2001
21.2650	14.3286	1.4283	1.2003
21.3300	14.3524	1.4897	1.2004
21.3640	14.3723	1.5409	1.2006
21.3990	14.3803	1.5614	1.2006
21.4680	14.3962	1.6024	1.2007
21.5010	14.4200	1.6639	1.2009
21.5640	14.4478	1.7356	1.2010
21.6290	14.4677	1.7868	1.2012
21.7000	14.4875	1.8381	1.2013
21.7330	14.5074	1.8893	1.2014
21.7670	14.5113	1.8996	1.2014
21.8000	14.5272	1.9406	1.2015
21.8340	14.5431	1.9816	1.2016
21.8990	14.5589	2.0226	1.2018
21.9320	14.5787	2.0738	1.2019
22.0010	14.5986	2.1251	1.2021
22.0320	14.6144	2.1661	1.2022
22.0670	14.6184	2.1764	1.2022
22.0960	14.6342	2.2174	1.2023
22.1630	14.6500	2.2584	1.2024
22.2010	14.6659	2.2994	1.2025
22.2330	14.6857	2.3507	1.2026
22.2980	14.7094	2.4122	1.2028
22.3670	14.7252	2.4533	1.2029
22.4320	14.7489	2.5148	1.2030
22.4640	14.7687	2.5661	1.2031
22.4990	14.7766	2.5866	1.2031
22.5300	14.7924	2.6277	1.2032
22.5980	14.8121	2.6790	1.2034
22.6670	14.8320	2.7307	1.2061
22.7000	14.8516	2.7829	1.2122
22.7600	14.8709	2.8352	1.2207
22.8270	14.8897	2.8876	1.2312
22.8660	14.9112	2.9500	1.2454
22.9280	14.9316	3.0122	1.2611
22.9660	14.9349	3.0224	1.2638
22.9980	14.9508	3.0741	1.2784
23.0630	14.9659	3.1258	1.2929
23.1240	14.9806	3.1786	1.3054
23.1940	14.9974	3.2425	1.3206
23.2590	15.0158	3.3172	1.3375
23.3320	15.0281	3.3709	1.3496
23.3960	15.0399	3.4248	1.3619
23.4320	15.0531	3.4897	1.3763
23.5000	15.0673	3.5655	1.3937
23.5660	15.0730	3.5980	1.4011
23.5980	15.0819	3.6524	1.4137
23.6680	15.0917	3.7178	1.4290
23.7330	15.1005	3.7830	1.4427
23.7670	15.1059	3.8267	1.4522
23.8300	15.1121	3.8816	1.4645
23.8660	15.1154	3.9144	1.4715
23.9290	15.1214	3.9803	1.4867
23.9950	15.1272	4.0572	1.5034
24.0670	15.1299	4.1012	1.5127
24.1000	15.1328	4.1563	1.5250
24.1670	15.1353	4.2225	1.5389
24.2330	15.1364	4.2667	1.5480
24.2660	15.1374	4.3218	1.5585
24.3290	15.1377	4.3770	1.5685
24.4020	15.1376	4.4320	1.5781
24.4660	15.1366	4.4981	1.5899
24.5320	15.1344	4.5753	1.6085
24.5660	15.1325	4.6188	1.6195
24.6330	15.1294	4.6733	1.6342
24.7000	15.1256	4.7273	1.6480
24.7330	15.1209	4.7816	1.6613
24.7670	15.1167	4.8256	1.6710
24.8010	15.1156	4.8366	1.6733
24.8330	15.1109	4.8804	1.6825
24.8670	15.1057	4.9240	1.6924
24.9320	15.1001	4.9677	1.7024
24.9670	15.0941	5.0114	1.7117
25.0320	15.0877	5.0550	1.7212
25.0630	15.0809	5.0986	1.7304
25.0990	15.0736	5.1422	1.7399
25.1330	15.0660	5.1856	1.7494
25.2010	15.0579	5.2289	1.7590
25.2330	15.0495	5.2720	1.7688
25.2980	15.0406	5.3151	1.7783
25.3330	15.0288	5.3691	1.7898
25.3620	15.0190	5.4124	1.7987
25.3980	15.0139	5.4340	1.8031
25.4670	15.0009	5.4876	1.8150
25.5330	14.9844	5.5516	1.8295
25.5670	14.9699	5.6046	1.8417
25.5970	14.9670	5.6152	1.8440
25.6320	14.9549	5.6576	1.8535
25.6980	14.9392	5.7102	1.8658
25.7650	14.9196	5.7727	1.8816
25.7990	14.9026	5.8243	1.8949
25.8330	14.8991	5.8347	1.8975
25.8650	14.8848	5.8763	1.9078
25.9000	14.8700	5.9176	1.9182
25.9670	14.8547	5.9591	1.9283
26.0000	14.8391	6.0003	1.9381
26.0680	14.8190	6.0514	1.9508
26.0990	14.7940	6.1125	1.9661
26.1650	14.7769	6.1530	1.9763
26.2340	14.7547	6.2035	1.9891
26.2670	14.7274	6.2636	2.0045
26.3330	14.6992	6.3232	2.0197
26.3700	14.6945	6.3331	2.0223
26.3970	14.6699	6.3829	2.0347
26.4660	14.6400	6.4415	2.0499
26.5300	14.6193	6.4808	2.0593
26.5660	14.5929	6.5297	2.0711
26.6330	14.5662	6.5778	2.0835
26.6990	14.5391	6.6251	2.0965
26.7320	14.5115	6.6719	2.1098
26.7670	14.5059	6.6813	2.1124
26.8000	14.4771	6.7284	2.1254
26.8660	14.4478	6.7749	2.1382
26.9300	14.4179	6.8210	2.1511
26.9690	14.3875	6.8667	2.1641
27.0330	14.3501	6.9213	2.1796
27.1000	14.3054	6.9840	2.1977
27.1670	14.2793	7.0197	2.2080
27.2300	14.2396	7.0724	2.2234
27.2990	14.1923	7.1330	2.2415
27.3650	14.1578	7.1759	2.2544
27.4260	14.1157	7.2267	2.2699
27.4990	14.0583	7.2935	2.2909
27.5660	14.0143	7.3427	2.3066
27.5970	14.0070	7.3508	2.3092
27.6320	13.9771	7.3833	2.3197
27.6990	13.9318	7.4312	2.3354
27.7660	13.8779	7.4863	2.3537
27.7990	13.8545	7.5097	2.3616
27.8630	13.8072	7.5557	2.3771
27.9330	13.7509	7.6086	2.3953
28.0000	13.7267	7.6308	2.4031
28.0340	13.6858	7.6675	2.4161
28.0990	13.6359	7.7110	2.4317
28.1640	13.6023	7.7396	2.4420
28.2010	13.5601	7.7746	2.4549
28.2630	13.5087	7.8160	2.4703
28.3330	13.4569	7.8565	2.4856
28.4000	13.4129	7.8898	2.4986
28.4650	13.3687	7.9225	2.5117
28.5000	13.3240	7.9546	2.5246
28.5290	13.2879	7.9799	2.5349
28.5650	13.2698	7.9924	2.5402
28.5990	13.2333	8.0171	2.5505
28.6650	13.1875	8.0474	2.5634
28.7330	13.1412	8.0771	2.5761
28.7680	13.0946	8.1063	2.5888
28.7990	13.0852	8.1121	2.5915
28.8330	13.0475	8.1349	2.6017
28.9000	13.0098	8.1572	2.6119
28.9310	12.9621	8.1847	2.6245
28.9980	12.9142	8.2115	2.6371
29.0340	12.8658	8.2378	2.6497
29.1000	12.8073	8.2685	2.6649
29.1670	12.7681	8.2885	2.6749
29.1960	12.7285	8.3081	2.6852
29.2670	12.6691	8.3367	2.7010
29.3330	12.5993	8.3688	2.7191
29.3670	12.5690	8.3822	2.7267
29.4330	12.5184	8.4041	2.7396
29.4650	12.4677	8.4252	2.7526
29.4990	12.4576	8.4294	2.7551
29.5610	12.4064	8.4498	2.7677
29.6020	12.3449	8.4734	2.7827
29.6660	12.2829	8.4960	2.7976
29.7010	12.2726	8.4997	2.8001
29.7320	12.2311	8.5142	2.8101
29.8020	12.1789	8.5317	2.8227
29.8330	12.1266	8.5486	2.8353
29.8980	12.0635	8.5680	2.8506
29.9650	12.0212	8.5804	2.8607
29.9990	11.9683	8.5953	2.8735
30.0650	11.9153	8.6095	2.8854
30.0910	11.8725	8.6204	2.8954
30.1300	11.8513	8.6257	2.9003
30.1980	11.7870	8.6410	2.9152
30.2630	11.7118	8.6576	2.9316
30.3310	11.6581	8.6686	2.9440
30.3660	11.6039	8.6791	2.9560
30.4340	11.5497	8.6889	2.9685
30.5000	11.4956	8.6980	2.9804
30.5650	11.4412	8.7064	2.9926
30.5970	11.3868	8.7142	3.0052
30.6670	11.3212	8.7227	3.0199
30.6990	11.2775	8.7278	3.0298
30.7660	11.2338	8.7324	3.0393
30.7990	11.1790	8.7377	3.0514
30.8640	11.1241	8.7423	3.0636
30.9310	11.0692	8.7462	3.0757
30.9650	11.0142	8.7495	3.0878
30.9990	11.0032	8.7500	3.0902
31.0300	10.9481	8.7525	3.1020
31.0940	10.8929	8.7543	3.1140
31.1680	10.8267	8.7556	3.1270
31.2000	10.7823	8.7561	3.1352
31.2660	10.7377	8.7562	-3.1400
31.2970	10.6825	8.7558	-3.1303
31.3670	10.6273	8.7549	-3.1222
31.4330	10.5737	8.7537	-3.1174
31.4660	10.5092	8.7520	-3.1141
31.5310	10.4434	8.7502	-3.1129
31.5680	10.4325	8.7499	-3.1128
31.6000	10.3885	8.7486	-3.1125
31.6660	10.3335	8.7470	-3.1124
31.7330	10.2676	8.7450	-3.1123
31.7660	10.2127	8.7434	-3.1122
31.8000	10.1907	8.7428	-3.1121
31.8330	10.1468	8.7415	-3.1120
31.9010	10.0919	8.7399	-3.1119
31.9680	10.0259	8.7379	-3.1117
32.0340	9.9710	8.7363	-3.1116
32.0670	9.9161	8.7346	-3.1115
32.1000	9.9051	8.7343	-3.1115
32.1330	9.8721	8.7333	-3.1114
32.1620	9.8172	8.7316	-3.1113
32.2220	9.7623	8.7299	-3.1112
32.3000	9.6963	8.7279	-3.1111
32.3310	9.6524	8.7266	-3.1110
32.3680	9.6304	8.7259	-3.1109
32.3970	9.5865	8.7246	-3.1108
32.4670	9.5315	8.7229	-3.1107
32.5320	9.4766	8.7212	-3.1106
32.5660	9.4216	8.7195	-3.1105
32.6000	9.3777	8.7181	-3.1103
32.6340	9.3557	8.7174	-3.1102
32.6980	9.3118	8.7160	-3.1100
32.7330	9.2568	8.7143	-3.1099
32.8000	9.1909	8.7122	-3.1095
32.8310	9.1469	8.7108	-3.1094
32.9000	9.1029	8.7093	-3.1093
32.9310	9.0480	8.7076	-3.1092
33.0010	8.9931	8.7058	-3.1091
33.0650	8.9381	8.7040	-3.1090
33.0990	8.8831	8.7022	-3.1089
33.1660	8.8282	8.7004	-3.1088
33.2320	8.7732	8.6986	-3.1086
33.2680	8.7182	8.6968	-3.1085
33.3320	8.6743	8.6953	-3.1084
33.3670	8.6304	8.6939	-3.1083
33.4340	8.5754	8.6920	-3.1082
33.4660	8.5094	8.6898	-3.1081
33.5310	8.4545	8.6880	-3.1079
33.5660	8.4105	8.6865	-3.1078
33.5990	8.3885	8.6857	-3.1077
33.6650	8.3446	8.6842	-3.1077
33.6970	8.2896	8.6824	-3.1075
33.7670	8.2347	8.6805	-3.1074
33.8340	8.1797	8.6786	-3.1073
33.8950	8.1138	8.6763	-3.1071
33.9330	8.0478	8.6741	-3.1070
34.0000	7.9928	8.6722	-3.1069
34.0660	7.9489	8.6706	-3.1068
34.1000	7.8939	8.6687	-3.1067
34.1330	7.8500	8.6672	-3.1066
34.1670	7.8280	8.6664	-3.1065
34.2000	7.7950	8.6653	-3.1064
34.2660	7.7400	8.6633	-3.1063
34.3000	7.6851	8.6614	-3.1062
34.3660	7.6301	8.6594	-3.1061
34.4310	7.5752	8.6575	-3.1060
34.4670	7.5202	8.6555	-3.1059
34.5330	7.4542	8.6532	-3.1058
34.6010	7.4103	8.6516	-3.1057
34.6330	7.3553	8.6496	-3.1056
34.6990	7.3004	8.6476	-3.1055
34.7650	7.2454	8.6456	-3.1054
34.7990	7.1904	8.6437	-3.1053
34.8650	7.1245	8.6413	-3.1052
34.9340	7.0805	8.6396	-3.1051
34.9660	7.0256	8.6376	-3.1049
35.0310	6.9596	8.6352	-3.1048
35.0630	6.9156	8.6336	-3.1047
35.1320	6.8606	8.6316	-3.1046
35.1980	6.8057	8.6295	-3.1045
35.2340	6.7508	8.6275	-3.1044
35.2650	6.7398	8.6271	-3.1044
35.2980	6.6848	8.6250	-3.1043
35.3670	6.6189	8.6226	-3.1041
35.4320	6.5749	8.6209	-3.1041
35.4670	6.5309	8.6193	-3.1040
35.5330	6.4650	8.6168	-3.1039
35.5660	6.4210	8.6151	-3.1038
35.6000	6.3990	8.6143	-3.1037
35.6350	6.3551	8.6126	-3.1037
35.6980	6.3111	8.6109	-3.1036
35.7330	6.2671	8.6093	-3.1035
35.8000	6.2122	8.6072	-3.1034
35.8300	6.1462	8.6046	-3.1033
35.8990	6.1023	8.6030	-3.1032
35.9650	6.0473	8.6008	-3.1031
35.9970	5.9923	8.5987	-3.1030
36.0650	5.9264	8.5962	-3.1028
36.1320	5.8495	8.5932	-3.1026
36.1960	5.7835	8.5906	-3.1025
36.2600	5.7175	8.5880	-3.1024
36.3000	5.7066	8.5876	-3.1024
36.3330	5.6736	8.5863	-3.1023
36.3660	5.6296	8.5846	-3.1022
36.4330	5.5747	8.5824	-3.1021
36.4670	5.5197	8.5802	-3.1021
36.5000	5.5087	8.5798	-3.1020
36.5330	5.4757	8.5785	-3.1020
36.5670	5.4208	8.5763	-3.1018
36.6330	5.3548	8.5737	-3.1017
36.6990	5.3109	8.5719	-3.1016
36.7330	5.2669	8.5702	-3.1015
36.8000	5.2120	8.5680	-3.1014
36.8320	5.1460	8.5653	-3.1013
36.9000	5.1021	8.5635	-3.1012
36.9330	5.0581	8.5617	-3.1011
37.0000	5.0031	8.5595	-3.1010
37.0330	4.9482	8.5573	-3.1010
37.0970	4.9042	8.5555	-3.1009
37.1690	4.8493	8.5533	-3.1008
37.2010	4.7943	8.5510	-3.1007
37.2670	4.7394	8.5488	-3.1006
37.3310	4.6844	8.5465	-3.1005
37.3660	4.6295	8.5442	-3.1004
37.3980	4.5855	8.5424	-3.1003
37.4310	4.5635	8.5415	-3.1003
37.4650	4.5195	8.5397	-3.1002
37.5330	4.4646	8.5374	-3.1001
37.6000	4.4096	8.5351	-3.1000
37.6300	4.3547	8.5329	-3.0999
37.7040	4.2888	8.5301	-3.0998
37.7640	4.2228	8.5273	-3.0997
37.8050	4.2118	8.5269	-3.0997
37.8330	4.1569	8.5246	-3.0996
37.8680	4.1129	8.5227	-3.0995
37.8990	4.1019	8.5223	-3.0995
37.9280	4.0580	8.5204	-3.0994
37.9980	3.9920	8.5176	-3.0993
38.0660	3.9151	8.5144	-3.0992
38.1320	3.8711	8.5125	-3.0991
38.2000	3.8272	8.5106	-3.0990
38.2300	3.7612	8.5078	-3.0989
38.2950	3.6843	8.5045	-3.0988
38.3640	3.6403	8.5026	-3.0987
38.4300	3.5744	8.4998	-3.0986
38.5000	3.4975	8.4965	-3.0984
38.5310	3.4645	8.4950	-3.0984
38.6000	3.4096	8.4927	-3.0983
38.6310	3.3546	8.4903	-3.0982
38.6670	3.3436	8.4898	-3.0982
38.7000	3.2997	8.4879	-3.0981
38.7330	3.2557	8.4860	-3.0980
38.8000	3.2008	8.4836	-3.0979
38.8330	3.1568	8.4817	-3.0979
38.8660	3.1348	8.4807	-3.0978
38.8980	3.0908	8.4788	-3.0977
38.9670	3.0469	8.4768	-3.0977
39.0000	3.0029	8.4749	-3.0976
39.0330	2.9590	8.4730	-3.0975
39.1000	2.9150	8.4710	-3.0975
39.1320	2.8711	8.4691	-3.0974
39.1670	2.8271	8.4671	-3.0973
39.2330	2.7832	8.4652	-3.0973
39.2670	2.7282	8.4627	-3.0972
39.3300	2.6623	8.4598	-3.0970
39.3980	2.6073	8.4574	-3.0970
39.4310	2.5524	8.4549	-3.0969
39.4950	2.4974	8.4524	-3.0968
39.5670	2.4425	8.4500	-3.0967
39.6000	2.3875	8.4475	-3.0966
39.6330	2.3766	8.4470	-3.0966
39.6670	2.3436	8.4455	-3.0966
39.7010	2.2887	8.4431	-3.0965
39.7640	2.2337	8.4406	-3.0964
39.8340	2.1788	8.4381	-3.0963
39.8660	2.1238	8.4356	-3.0962
39.8990	2.1128	8.4351	-3.0962
39.9320	2.0579	8.4326	-3.0961
40.0010	2.0029	8.4301	-3.0960
40.0630	1.9480	8.4276	-3.0958
40.0980	1.8931	8.4251	-3.0958
40.1660	1.8271	8.4220	-3.0956
40.2330	1.7612	8.4190	-3.0956
40.2660	1.7282	8.4175	-3.0955
40.3330	1.6733	8.4149	-3.0954
40.3670	1.6184	8.4124	-3.0953
40.3990	1.6074	8.4119	-3.0953
40.4320	1.5634	8.4099	-3.0952
40.5000	1.5085	8.4073	-3.0951
40.5290	1.4535	8.4047	-3.0950
40.5990	1.4096	8.4027	-3.0950
40.6330	1.3546	8.4001	-3.0949
40.7000	1.2887	8.3971	-3.0948
40.7650	1.2558	8.3955	-3.0948
40.7990	1.2008	8.3929	-3.0947
40.8680	1.1349	8.3898	-3.0945
40.8980	1.0909	8.3878	-3.0944
40.9650	1.0360	8.3852	-3.0943
41.0320	0.9811	8.3826	-3.0943
41.0640	0.9261	8.3800	-3.0942
41.1280	0.8712	8.3773	-3.0941
41.1970	0.8162	8.3747	-3.0940
41.2330	0.7503	8.3716	-3.0939
41.3000	0.7174	8.3700	-3.0938
41.3310	0.6734	8.3679	-3.0938
41.3660	0.6295	8.3658	-3.0937
41.4350	0.5745	8.3632	-3.0936
41.4650	0.5196	8.3605	-3.0935
41.5020	0.5086	8.3600	-3.0935
41.5340	0.4646	8.3579	-3.0935
41.6000	0.4097	8.3552	-3.0934
41.6330	0.3548	8.3526	-3.0933
41.6670	0.3438	8.3521	-3.0933
41.6990	0.3108	8.3505	-3.0932
41.7340	0.2559	8.3478	-3.0931
41.7990	0.2010	8.3451	-3.0930
41.8650	0.1350	8.3419	-3.0929
41.9320	0.0581	8.3382	-3.0928
42.0000	0.0142	8.3360	-3.0927
42.0330	-0.0408	8.3333	-3.0926
42.1000	-0.0847	8.3312	-3.0925
42.1330	-0.1396	8.3285	-3.0924
42.2000	-0.1946	8.3258	-3.0924
42.2320	-0.2385	8.3236	-3.0923
42.2650	-0.2605	8.3225	-3.0923
42.2980	-0.3044	8.3203	-3.0922
42.3610	-0.3594	8.3176	-3.0921
42.4300	-0.4253	8.3144	-3.0920
42.4980	-0.4912	8.3111	-3.0919
42.5620	-0.5571	8.3078	-3.0918
42.6240	-0.6230	8.3045	-3.0917
42.6660	-0.6450	8.3034	-3.0917
42.6920	-0.7000	8.3007	-3.0916
42.7570	-0.7659	8.2974	-3.0915
42.8330	-0.8318	8.2941	-3.0914
42.8960	-0.9087	8.2902	-3.0913
42.9640	-0.9526	8.2880	-3.0912
43.0340	-1.0185	8.2847	-3.0912
43.0630	-1.0735	8.2819	-3.0911
43.1000	-1.0845	8.2813	-3.0911
43.1330	-1.1284	8.2791	-3.0910
43.2010	-1.1833	8.2763	-3.0909
43.2280	-1.2369	8.2736	-3.0896
43.3000	-1.2908	8.2705	-3.0837
43.3320	-1.3470	8.2669	-3.0745
43.3680	-1.3584	8.2661	-3.0724
43.4320	-1.4152	8.2618	-3.0619
43.4650	-1.4710	8.2571	-3.0526
43.5310	-1.5374	8.2507	-3.0400
43.6000	-1.6140	8.2422	-3.0240
43.6680	-1.6682	8.2354	-3.0120
43.7330	-1.7336	8.2264	-2.9985
43.7660	-1.7769	8.2199	-2.9886
43.8010	-1.7984	8.2166	-2.9837
43.8340	-1.8412	8.2095	-2.9734
43.8980	-1.8841	8.2020	-2.9631
43.9320	-1.9379	8.1919	-2.9509
43.9990	-2.0021	8.1789	-2.9361
44.0650	-2.0450	8.1698	-2.9267
44.0990	-2.0879	8.1602	-2.9174
44.1660	-2.1307	8.1502	-2.9078
44.1970	-2.1838	8.1372	-2.8956
44.2660	-2.2474	8.1206	-2.8804
44.3310	-2.3218	8.1000	-2.8637
44.3980	-2.3748	8.0845	-2.8518
44.4650	-2.4276	8.0684	-2.8399
44.4980	-2.4799	8.0517	-2.8278
44.5360	-2.4904	8.0483	-2.8254
44.5670	-2.5427	8.0308	-2.8134
44.6320	-2.6050	8.0090	-2.7989
44.6990	-2.6567	7.9902	-2.7865
44.7320	-2.7081	7.9708	-2.7740
44.7650	-2.7183	7.9668	-2.7715
44.8320	-2.7697	7.9465	-2.7592
44.8620	-2.8205	7.9256	-2.7469
44.9290	-2.8814	7.8997	-2.7318
45.0050	-2.9418	7.8729	-2.7170
45.0630	-3.0017	7.8452	-2.7018
45.0990	-3.0413	7.8263	-2.6916
45.1630	-3.0809	7.8069	-2.6815
45.2320	-3.1401	7.7769	-2.6667
45.2650	-3.1985	7.7463	-2.6517
45.3320	-3.2373	7.7253	-2.6416
45.3990	-3.2853	7.6987	-2.6290
45.4640	-3.3427	7.6658	-2.6136
45.4980	-3.3995	7.6320	-2.5984
45.5650	-3.4276	7.6149	-2.5907
45.6000	-3.4744	7.5857	-2.5780
45.6660	-3.5207	7.5560	-2.5654
45.6990	-3.5666	7.5257	-2.5527
45.7660	-3.6122	7.4948	-2.5401
45.8340	-3.6573	7.4634	-2.5275
45.8680	-3.7020	7.4314	-2.5147
45.9330	-3.7553	7.3921	-2.4993
46.0000	-3.7815	7.3723	-2.4916
46.0320	-3.8166	7.3454	-2.4816
46.0670	-3.8512	7.3182	-2.4715
46.1320	-3.8939	7.2838	-2.4588
46.1660	-3.9364	7.2489	-2.4460
46.2010	-3.9449	7.2417	-2.4434
46.2320	-3.9784	7.2133	-2.4332
46.2990	-4.0199	7.1772	-2.4204
46.3330	-4.0610	7.1406	-2.4076
46.3970	-4.1016	7.1035	-2.3947
46.4630	-4.1417	7.0658	-2.3818
46.5310	-4.1813	7.0276	-2.3689
46.5660	-4.2206	6.9888	-2.3561
46.6320	-4.2591	6.9497	-2.3433
46.6970	-4.3049	6.9020	-2.3279
46.7320	-4.3499	6.8536	-2.3127
46.7660	-4.3572	6.8456	-2.3101
46.8000	-4.3867	6.8129	-2.2997
46.8670	-4.4231	6.7716	-2.2867
46.8970	-4.4589	6.7298	-2.2740
46.9320	-4.4659	6.7215	-2.2714
46.9660	-4.4941	6.6877	-2.2612
46.9990	-4.5220	6.6535	-2.2510
47.0330	-4.5289	6.6449	-2.2484
47.0670	-4.5564	6.6105	-2.2382
47.0990	-4.5834	6.5757	-2.2280
47.1670	-4.6166	6.5321	-2.2153
47.2310	-4.6558	6.4790	-2.2003
47.3000	-4.6816	6.4432	-2.1902
47.3310	-4.7070	6.4072	-2.1800
47.3580	-4.7319	6.3710	-2.1698
47.3980	-4.7565	6.3346	-2.1595
47.4660	-4.7867	6.2887	-2.1464
47.5310	-4.8164	6.2422	-2.1335
47.5980	-4.8512	6.1861	-2.1182
47.6340	-4.8846	6.1302	-2.1030
47.6660	-4.8906	6.1200	-2.1002
47.6990	-4.9126	6.0818	-2.0901
47.7670	-4.9342	6.0435	-2.0798
47.7990	-4.9607	5.9954	-2.0670
47.8640	-4.9916	5.9371	-2.0518
47.8990	-5.0118	5.8979	-2.0417
47.9630	-5.0315	5.8586	-2.0315
48.0310	-5.0557	5.8091	-2.0185
48.0660	-5.0791	5.7594	-2.0059
48.1280	-5.1065	5.6992	-1.9907
48.1980	-5.1372	5.6286	-1.9729
48.2650	-5.1541	5.5882	-1.9626
48.2990	-5.1748	5.5372	-1.9499
48.3680	-5.1949	5.4857	-1.9372
48.4310	-5.2142	5.4343	-1.9244
48.5000	-5.2366	5.3721	-1.9092
48.5300	-5.2544	5.3202	-1.8967
48.5660	-5.2614	5.2994	-1.8916
48.6270	-5.2784	5.2471	-1.8790
48.6680	-5.2978	5.1841	-1.8640
48.7330	-5.3073	5.1523	-1.8566
48.7990	-5.3255	5.0886	-1.8411
48.8310	-5.3425	5.0249	-1.8252
48.8940	-5.3533	4.9824	-1.8149
48.9650	-5.3687	4.9183	-1.7992
49.0340	-5.3854	4.8435	-1.7826
49.1000	-5.3966	4.7897	-1.7708
49.1650	-5.4072	4.7354	-1.7580
49.1980	-5.4171	4.6811	-1.7453
49.2680	-5.4280	4.6161	-1.7308
49.3010	-5.4348	4.5725	-1.7210
49.3670	-5.4426	4.5178	-1.7083
49.4330	-5.4497	4.4637	-1.6954
49.4670	-5.4564	4.4091	-1.6889
49.4970	-5.4577	4.3983	-1.6880
49.5320	-5.4628	4.3545	-1.6854
49.6000	-5.4690	4.2998	-1.6838
49.6350	-5.4752	4.2452	-1.6833
49.6670	-5.4764	4.2343	-1.6833
49.7010	-5.4813	4.1906	-1.6832
49.7660	-5.4875	4.1360	-1.6830
49.8000	-5.4936	4.0814	-1.6829
49.8660	-5.5010	4.0159	-1.6826
49.9330	-5.5059	3.9722	-1.6825
49.9660	-5.5108	3.9286	-1.6824
50.0020	-5.5157	3.8849	-1.6823
50.0640	-5.5206	3.8412	-1.6822
50.1310	-5.5279	3.7757	-1.6821
50.1680	-5.5352	3.7102	-1.6819
50.2290	-5.5401	3.6665	-1.6819
50.3020	-5.5474	3.6010	-1.6817
50.3330	-5.5535	3.5464	-1.6816
50.3700	-5.5547	3.5355	-1.6816
50.3990	-5.5596	3.4918	-1.6815
50.4330	-5.5644	3.4481	-1.6815
50.4660	-5.5656	3.4372	-1.6814
50.4990	-5.5693	3.4044	-1.6814
50.5300	-5.5753	3.3498	-1.6813
50.6010	-5.5814	3.2952	-1.6812
50.6680	-5.5874	3.2405	-1.6811
50.7000	-5.5935	3.1859	-1.6810
50.7330	-5.5947	3.1750	-1.6809
50.7670	-5.5995	3.1313	-1.6809
50.8300	-5.6055	3.0767	-1.6807
50.8640	-5.6116	3.0220	-1.6806
50.9330	-5.6176	2.9674	-1.6805
50.9660	-5.6224	2.9237	-1.6804
50.9990	-5.6248	2.9018	-1.6804
51.0240	-5.6284	2.8691	-1.6803
51.1000	-5.6344	2.8144	-1.6802
51.1310	-5.6404	2.7598	-1.6801
51.1660	-5.6416	2.7488	-1.6801
51.1990	-5.6464	2.7051	-1.6800
51.2330	-5.6512	2.6614	-1.6799
51.3000	-5.6572	2.6068	-1.6798
51.3280	-5.6620	2.5631	-1.6798
51.3660	-5.6644	2.5412	-1.6797
51.3980	-5.6692	2.4975	-1.6796
51.4660	-5.6739	2.4538	-1.6796
51.4990	-5.6787	2.4100	-1.6795
51.5670	-5.6847	2.3554	-1.6794
51.5960	-5.6918	2.2898	-1.6793
51.6680	-5.6966	2.2461	-1.6792
51.7000	-5.7025	2.1914	-1.6791
51.7660	-5.7097	2.1258	-1.6790
51.8320	-5.7144	2.0821	-1.6790
51.8640	-5.7191	2.0384	-1.6789
51.9000	-5.7239	1.9946	-1.6788
51.9680	-5.7298	1.9400	-1.6787
52.0320	-5.7369	1.8744	-1.6786
52.0990	-5.7452	1.7978	-1.6784
52.1670	-5.7499	1.7541	-1.6783
52.1990	-5.7546	1.7104	-1.6783
52.2640	-5.7605	1.6557	-1.6782
52.2990	-5.7664	1.6010	-1.6781
52.3660	-5.7723	1.5464	-1.6780
52.3990	-5.7782	1.4917	-1.6779
52.4330	-5.7794	1.4807	-1.6779
52.4670	-5.7829	1.4479	-1.6778
52.5000	-5.7888	1.3933	-1.6777
52.5680	-5.7958	1.3277	-1.6776
52.6350	-5.8005	1.2839	-1.6776
52.6990	-5.8063	1.2292	-1.6774
52.7310	-5.8134	1.1636	-1.6773
52.8000	-5.8204	1.0980	-1.6772
52.8330	-5.8239	1.0652	-1.6771
52.9010	-5.8297	1.0105	-1.6771
52.9680	-5.8355	0.9558	-1.6770
52.9930	-5.8414	0.9011	-1.6769
53.0290	-5.8425	0.8902	-1.6769
53.0640	-5.8484	0.8355	-1.6768
53.1330	-5.8542	0.7808	-1.6767
53.1660	-5.8588	0.7371	-1.6766
53.2000	-5.8611	0.7152	-1.6766
53.2300	-5.8658	0.6715	-1.6765
53.2950	-5.8716	0.6168	-1.6764
53.3640	-5.8785	0.5512	-1.6763
53.4320	-5.8866	0.4746	-1.6762
53.4980	-5.8913	0.4308	-1.6762
53.5330	-5.8971	0.3761	-1.6761
53.6000	-5.9040	0.3105	-1.6760
53.6670	-5.9109	0.2449	-1.6758
53.7320	-5.9155	0.2011	-1.6758
53.7650	-5.9213	0.1464	-1.6757
53.8300	-5.9270	0.0917	-1.6756
53.8650	-5.9328	0.0371	-1.6755
53.9330	-5.9385	-0.0176	-1.6754
54.0010	-5.9443	-0.0723	-1.6753
54.0330	-5.9500	-0.1270	-1.6752
54.1010	-5.9569	-0.1927	-1.6750
54.1670	-5.9603	-0.2255	-1.6750
54.1990	-5.9660	-0.2802	-1.6749
54.2670	-5.9717	-0.3349	-1.6748
54.2980	-5.9786	-0.4005	-1.6747
54.3680	-5.9820	-0.4333	-1.6747
54.4010	-5.9877	-0.4880	-1.6746
54.4650	-5.9945	-0.5537	-1.6744
54.5310	-5.9991	-0.5975	-1.6743
54.5650	-6.0048	-0.6522	-1.6742
54.6320	-6.0116	-0.7178	-1.6741
54.6970	-6.0184	-0.7834	-1.6740
54.7670	-6.0252	-0.8491	-1.6739
54.8000	-6.0286	-0.8819	-1.6739
54.8680	-6.0342	-0.9366	-1.6738
54.9000	-6.0399	-0.9913	-1.6737
54.9340	-6.0410	-1.0023	-1.6737
54.9660	-6.0444	-1.0351	-1.6737
55.0000	-6.0501	-1.0898	-1.6736
55.0640	-6.0568	-1.1555	-1.6735
55.1320	-6.0613	-1.1992	-1.6734
55.1680	-6.0670	-1.2539	-1.6733
55.2310	-6.0726	-1.3087	-1.6732
55.3000	-6.0782	-1.3634	-1.6732
55.3300	-6.0838	-1.4181	-1.6731
55.4000	-6.0894	-1.4728	-1.6730
55.4330	-6.0951	-1.5275	-1.6729
55.4650	-6.0962	-1.5384	-1.6729
55.5320	-6.1018	-1.5932	-1.6728
55.5670	-6.1085	-1.6588	-1.6727
55.6310	-6.1118	-1.6916	-1.6727
55.6670	-6.1174	-1.7464	-1.6726
55.7310	-6.1237	-1.8102	-1.6686
55.7670	-6.1279	-1.8541	-1.6636
55.8320	-6.1327	-1.9094	-1.6558
55.9000	-6.1371	-1.9655	-1.6460
55.9310	-6.1410	-2.0215	-1.6344
56.0020	-6.1436	-2.0659	-1.6241
56.0650	-6.1461	-2.1210	-1.6104
56.0980	-6.1481	-2.1867	-1.5940
56.1620	-6.1491	-2.2523	-1.5802
56.1990	-6.1492	-2.2633	-1.5780
56.2300	-6.1493	-2.3179	-1.5675
56.2980	-6.1488	-2.3727	-1.5574
56.3670	-6.1478	-2.4278	-1.5477
56.4000	-6.1461	-2.4831	-1.5359
56.4670	-6.1433	-2.5493	-1.5215
56.4990	-6.1421	-2.5715	-1.5171
56.5340	-6.1415	-2.5826	-1.5149
56.5680	-6.1373	-2.6490	-1.5018
56.6330	-6.1313	-2.7255	-1.4843
56.7000	-6.1273	-2.7689	-1.4743
56.7740	-6.1216	-2.8235	-1.4622
56.8000	-6.1153	-2.8782	-1.4506
56.8630	-6.1084	-2.9328	-1.4391
56.9330	-6.1008	-2.9873	-1.4274
56.9670	-6.0926	-3.0418	-1.4159
57.0260	-6.0818	-3.1071	-1.4020
57.0980	-6.0742	-3.1507	-1.3933
57.1290	-6.0641	-3.2048	-1.3814
57.1990	-6.0512	-3.2693	-1.3667
57.2640	-6.0374	-3.3335	-1.3516
57.3350	-6.0198	-3.4092	-1.3363
57.4020	-6.0066	-3.4631	-1.3253
57.4640	-5.9928	-3.5166	-1.3137
57.5320	-5.9755	-3.5803	-1.2992
57.5660	-5.9726	-3.5909	-1.2968
57.5990	-5.9574	-3.6435	-1.2844
57.6340	-5.9384	-3.7061	-1.2689
57.6660	-5.9351	-3.7164	-1.2662
57.7030	-5.9252	-3.7476	-1.2586
57.7690	-5.9080	-3.7995	-1.2457
57.7990	-5.8903	-3.8509	-1.2323
57.8680	-5.8681	-3.9122	-1.2161
57.8980	-5.8526	-3.9535	-1.2056
57.9670	-5.8366	-3.9945	-1.1955
58.0330	-5.8160	-4.0459	-1.1832
58.0660	-5.7904	-4.1073	-1.1691
58.1320	-5.7774	-4.1375	-1.1617
58.1660	-5.7552	-4.1876	-1.1491
58.2330	-5.7278	-4.2474	-1.1338
58.2630	-5.7090	-4.2871	-1.1237
58.3320	-5.6848	-4.3367	-1.1111
58.4000	-5.6549	-4.3957	-1.0961
58.4320	-5.6346	-4.4348	-1.0860
58.4980	-5.6139	-4.4736	-1.0758
58.5330	-5.5874	-4.5219	-1.0630
58.6010	-5.5603	-4.5698	-1.0503
58.6670	-5.5326	-4.6174	-1.0377
58.6970	-5.5044	-4.6644	-1.0249
58.7320	-5.4987	-4.6738	-1.0223
58.7660	-5.4754	-4.7113	-1.0120
58.8030	-5.4519	-4.7486	-1.0017
58.8640	-5.4219	-4.7947	-0.9888
58.9320	-5.3913	-4.8406	-0.9759
58.9660	-5.3600	-4.8861	-0.9632
59.0330	-5.3284	-4.9309	-0.9505
59.0670	-5.2961	-4.9754	-0.9376
59.0980	-5.2896	-4.9842	-0.9351
59.1330	-5.2698	-5.0108	-0.9274
59.1660	-5.2364	-5.0548	-0.9147
59.2340	-5.1957	-5.1067	-0.8994
59.3010	-5.1682	-5.1410	-0.8893
59.3310	-5.1332	-5.1835	-0.8765
59.3990	-5.0906	-5.2338	-0.8611
59.4670	-5.0688	-5.2589	-0.8534
59.5000	-5.0398	-5.2918	-0.8430
59.5280	-5.0103	-5.3246	-0.8328
59.5990	-4.9731	-5.3649	-0.8198
59.6640	-4.9276	-5.4128	-0.8044
59.7330	-4.8814	-5.4600	-0.7890
59.7660	-4.8424	-5.4988	-0.7761
59.8000	-4.8345	-5.5065	-0.7735
59.8310	-4.8029	-5.5370	-0.7632
59.8990	-4.7628	-5.5749	-0.7504
59.9320	-4.7142	-5.6194	-0.7348
59.9980	-4.6813	-5.6488	-0.7244
60.0670	-4.6315	-5.6922	-0.7088
60.1010	-4.5896	-5.7276	-0.6958
60.1320	-4.5727	-5.7416	-0.6906
60.1640	-4.5471	-5.7626	-0.6828
60.2330	-4.5041	-5.7971	-0.6700
60.3010	-4.4608	-5.8309	-0.6570
60.3300	-4.4170	-5.8642	-0.6440
60.4020	-4.3728	-5.8969	-0.6311
60.4330	-4.3281	-5.9291	-0.6181
60.4950	-4.2740	-5.9669	-0.6028
60.5680	-4.2376	-5.9916	-0.5925
60.5980	-4.2010	-6.0159	-0.5822
60.6660	-4.1641	-6.0399	-0.5720
60.7000	-4.1176	-6.0694	-0.5591
60.7670	-4.0613	-6.1040	-0.5439
60.8000	-4.0235	-6.1266	-0.5337
60.8640	-3.9760	-6.1542	-0.5211
60.9320	-3.9282	-6.1812	-0.5085
60.9990	-3.8701	-6.2130	-0.4933
61.0310	-3.8216	-6.2386	-0.4805
61.0680	-3.8020	-6.2487	-0.4755
61.1000	-3.7628	-6.2687	-0.4654
61.1660	-3.7135	-6.2930	-0.4528
61.2000	-3.6638	-6.3168	-0.4403
61.2650	-3.6139	-6.3399	-0.4277
61.3320	-3.5535	-6.3668	-0.4123
61.4000	-3.5132	-6.3841	-0.4023
61.4340	-3.4726	-6.4011	-0.3922
61.4660	-3.4216	-6.4218	-0.3792
61.5310	-3.3702	-6.4419	-0.3664
61.5970	-3.3186	-6.4613	-0.3537
61.6660	-3.2670	-6.4799	-0.3404
61.7000	-3.2047	-6.5014	-0.3243
61.7680	-3.1420	-6.5219	-0.3088
61.8010	-3.1106	-6.5318	-0.3012
61.8670	-3.0685	-6.5446	-0.2911
61.8980	-3.0262	-6.5570	-0.2811
61.9630	-2.9733	-6.5719	-0.2684
62.0330	-2.9096	-6.5888	-0.2535
62.0660	-2.8454	-6.6049	-0.2386
62.1320	-2.8131	-6.6126	-0.2308
62.1670	-2.7597	-6.6248	-0.2180
62.2340	-2.6951	-6.6385	-0.2034
62.3000	-2.6521	-6.6472	-0.1934
62.3330	-2.5980	-6.6574	-0.1809
62.3980	-2.5330	-6.6687	-0.1658
62.4650	-2.4895	-6.6757	-0.1557
62.5000	-2.4350	-6.6839	-0.1428
62.5320	-2.3915	-6.6899	-0.1328
62.5680	-2.3697	-6.6928	-0.1281
62.6000	-2.3262	-6.6982	-0.1220
62.6660	-2.2825	-6.7035	-0.1185
62.7260	-2.2278	-6.7099	-0.1161
62.7670	-2.1732	-6.7163	-0.1152
62.8340	-2.1186	-6.7226	-0.1150
62.8680	-2.0640	-6.7289	-0.1148
62.9000	-2.0531	-6.7301	-0.1148
62.9290	-2.0094	-6.7352	-0.1147
63.0010	-1.9548	-6.7414	-0.1146
63.0330	-1.9003	-6.7477	-0.1145
63.0990	-1.8348	-6.7552	-0.1144
63.1340	-1.7911	-6.7603	-0.1143
63.1980	-1.7475	-6.7653	-0.1142
63.2320	-1.6929	-6.7715	-0.1140
63.2990	-1.6274	-6.7790	-0.1139
63.3660	-1.5837	-6.7840	-0.1138
63.4000	-1.5401	-6.7890	-0.1137
63.4650	-1.4964	-6.7940	-0.1136
63.5000	-1.4418	-6.8002	-0.1135
63.5640	-1.3763	-6.8077	-0.1134
63.6330	-1.3687	-6.8085	-0.1122
63.6670	-1.3619	-6.8093	-0.1111
63.7010	-1.3606	-6.8094	-0.1110
63.7310	-1.3554	-6.8100	-0.1105
63.7960	-1.3515	-6.8104	-0.1100
63.8670	-1.3515	-6.8104	-0.1095
63.9000	-1.3524	-6.8103	-0.1094
63.9650	-1.3536	-6.8102	-0.1093
64.0290	-1.3550	-6.8100	-0.1092
64.0970	-1.3559	-6.8099	-0.1091
64.1630	-1.3570	-6.8098	-0.1090
64.2320	-1.3581	-6.8097	-0.1090
64.2980	-1.3592	-6.8096	-0.1089
64.3630	-1.3600	-6.8095	-0.1088
64.4000	-1.3608	-6.8094	-0.1087
64.4650	-1.3617	-6.8093	-0.1086
64.5300	-1.3622	-6.8092	-0.1086
64.6000	-1.3629	-6.8092	-0.1085
64.6340	-1.3636	-6.8091	-0.1084
64.6990	-1.3642	-6.8090	-0.1083
64.7670	-1.3648	-6.8090	-0.1083
64.7980	-1.3654	-6.8089	-0.1082
64.8330	-1.3655	-6.8089	-0.1082
64.8660	-1.3659	-6.8088	-0.1081
64.8990	-1.3663	-6.8088	-0.1080
64.9650	-1.3668	-6.8087	-0.1080
65.0310	-1.3674	-6.8087	-0.1079
65.0670	-1.3678	-6.8086	-0.1078
65.1340	-1.3682	-6.8086	-0.1078
65.1660	-1.3685	-6.8086	-0.1077
65.2010	-1.3687	-6.8085	-0.1077
65.2330	-1.3690	-6.8085	-0.1076
65.3000	-1.3693	-6.8085	-0.1075
65.3330	-1.3697	-6.8084	-0.1075
65.3980	-1.3700	-6.8084	-0.1074
65.4650	-1.3704	-6.8084	-0.1073
65.5290	-1.3708	-6.8083	-0.1072
65.5670	-1.3712	-6.8083	-0.1071
65.5960	-1.3712	-6.8083	-0.1071
65.6310	-1.3715	-6.8082	-0.1071
65.6980	-1.3718	-6.8082	-0.1070
65.7660	-1.3721	-6.8082	-0.1069
65.8320	-1.3724	-6.8081	-0.1069
65.8990	-1.3727	-6.8081	-0.1068
65.9640	-1.3729	-6.8081	-0.1067
66.0000	-1.3732	-6.8081	-0.1066
66.0640	-1.3734	-6.8080	-0.1065
66.0980	-1.3735	-6.8080	-0.1065
66.1320	-1.3737	-6.8080	-0.1065
66.1940	-1.3739	-6.8080	-0.1064
66.2690	-1.3740	-6.8080	-0.1063
66.3000	-1.3742	-6.8079	-0.1063
66.3670	-1.3744	-6.8079	-0.1062
66.4000	-1.3745	-6.8079	-0.1061
66.4670	-1.3746	-6.8079	-0.1061
66.5000	-1.3748	-6.8079	-0.1060
66.5660	-1.3749	-6.8079	-0.1060
66.6310	-1.3750	-6.8079	-0.1059
66.6650	-1.3752	-6.8078	-0.1058
66.7300	-1.3754	-6.8078	-0.1057
66.7650	-1.3754	-6.8078	-0.1057
66.8300	-1.3755	-6.8078	-0.1057
66.8660	-1.3757	-6.8078	-0.1056
66.9330	-1.3758	-6.8078	-0.1055
66.9690	-1.3758	-6.8078	-0.1055
67.0330	-1.3759	-6.8078	-0.1054
67.0670	-1.3760	-6.8077	-0.1053
67.1340	-1.3761	-6.8077	-0.1053
67.2010	-1.3762	-6.8077	-0.1052
67.2320	-1.3763	-6.8077	-0.1051
67.2670	-1.3763	-6.8077	-0.1051
67.2980	-1.3764	-6.8077	-0.1051
67.3590	-1.3765	-6.8077	-0.1050
