t	x_ekf	y_ekf	th_ekf
0.0000	0.0000	-2.0000	0.0006
0.0700	0.0000	-2.0000	0.0006
0.1350	0.0000	-2.0000	0.0006
0.1740	0.0000	-2.0000	0.0006
0.2360	0.0000	-2.0000	0.0006
0.3030	0.0000	-2.0000	0.0006
0.3690	0.0000	-2.0000	0.0006
0.4320	0.0000	-2.0000	0.0006
0.5020	0.0000	-2.0000	0.0006
0.5350	0.0000	-2.0000	0.0006
0.6040	0.0000	-2.0000	0.0006
0.6370	0.0000	-2.0000	0.0006
0.6680	0.0000	-2.0000	0.0006
0.6890	0.0000	-2.0000	0.0006
0.7690	0.0000	-2.0000	0.0006
0.8020	0.0000	-2.0000	0.0006
0.8700	0.0000	-2.0000	0.0006
0.9370	0.0000	-2.0000	0.0006
1.0040	0.0000	-2.0000	0.0006
1.0360	0.0000	-2.0000	0.0006
1.1010	0.0000	-2.0000	0.0006
1.1710	0.0000	-2.0000	0.0006
1.2380	0.0000	-2.0000	0.0006
1.3040	0.0000	-2.0000	0.0006
1.3380	0.0000	-2.0000	0.0006
1.4040	0.0000	-2.0000	0.0006
1.4350	0.0000	-2.0000	0.0006
1.5020	0.0000	-2.0000	0.0006
1.5700	0.0000	-2.0000	0.0006
1.6040	0.0000	-2.0000	0.0006
1.6670	0.0000	-2.0000	0.0006
1.7030	0.0000	-2.0000	0.0006
1.7360	0.0000	-2.0000	0.0006
1.7690	0.0000	-2.0000	0.0006
1.8380	0.0000	-2.0000	0.0006
1.9050	0.0000	-2.0000	0.0006
1.9370	0.0000	-2.0000	0.0006
2.0030	0.0000	-2.0000	0.0006
2.0380	0.0000	-2.0000	0.0006
2.1030	0.0000	-2.0000	0.0006
2.1360	0.0000	-2.0000	0.0006
2.1700	0.0000	-2.0000	0.0006
2.2390	0.0000	-2.0000	0.0006
2.2710	0.0000	-2.0000	0.0006
2.3020	0.0000	-2.0000	0.0006
2.3340	0.0000	-2.0000	0.0006
2.4010	0.0000	-2.0000	0.0006
2.4360	0.0079	-2.0000	0.0006
2.4680	0.0178	-2.0000	0.0006
2.5040	0.0575	-2.0000	0.0008
2.5370	0.0973	-1.9999	0.0013
2.6030	0.1372	-1.9999	0.0026
2.6340	0.1873	-1.9998	0.0054
2.7000	0.2476	-1.9995	0.0102
2.7670	0.2880	-1.9991	0.0144
2.8370	0.3510	-1.9982	0.0214
2.8680	0.4169	-1.9966	0.0288
2.9020	0.4281	-1.9963	0.0301
2.9370	0.4733	-1.9949	0.0352
3.0030	0.5188	-1.9932	0.0405
3.0360	0.5649	-1.9912	0.0450
3.0700	0.6109	-1.9891	0.0483
3.1050	0.6565	-1.9868	0.0507
3.1710	0.7130	-1.9839	0.0526
3.2390	0.7691	-1.9809	0.0535
3.2680	0.8251	-1.9779	0.0536
3.3380	0.8922	-1.9743	0.0532
3.4010	0.9371	-1.9720	0.0531
3.4420	0.9934	-1.9690	0.0531
3.4660	1.0271	-1.9672	0.0531
3.5350	1.0721	-1.9648	0.0531
3.5700	1.1171	-1.9624	0.0532
3.6340	1.1733	-1.9594	0.0532
3.7040	1.2406	-1.9558	0.0532
3.7370	1.3079	-1.9522	0.0532
3.7670	1.3191	-1.9516	0.0532
3.8030	1.3637	-1.9493	0.0532
3.8690	1.4081	-1.9469	0.0532
3.9010	1.4523	-1.9445	0.0532
3.9210	1.4855	-1.9428	0.0532
3.9690	1.5186	-1.9410	0.0531
4.0030	1.5628	-1.9387	0.0531
4.0700	1.6181	-1.9357	0.0531
4.1370	1.6843	-1.9322	0.0531
4.1710	1.7396	-1.9293	0.0531
4.2330	1.7947	-1.9263	0.0531
4.3040	1.8499	-1.9234	0.0531
4.3680	1.9051	-1.9205	0.0531
4.3990	1.9603	-1.9175	0.0531
4.4370	2.0044	-1.9152	0.0530
4.4700	2.0154	-1.9146	0.0530
4.5040	2.0596	-1.9123	0.0530
4.5360	2.1037	-1.9099	0.0530
4.6030	2.1478	-1.9076	0.0530
4.6380	2.2029	-1.9047	0.0530
4.6690	2.2360	-1.9029	0.0529
4.7010	2.2580	-1.9017	0.0529
4.7370	2.3021	-1.8994	0.0529
4.8010	2.3572	-1.8965	0.0529
4.8700	2.4123	-1.8936	0.0529
4.8900	2.4564	-1.8912	0.0529
4.9380	2.4784	-1.8901	0.0529
4.9680	2.5335	-1.8872	0.0528
5.0370	2.5996	-1.8837	0.0528
5.0700	2.6326	-1.8819	0.0528
5.1380	2.6767	-1.8796	0.0528
5.1700	2.7207	-1.8773	0.0528
5.1990	2.7647	-1.8749	0.0528
5.2680	2.8198	-1.8720	0.0528
5.3010	2.8748	-1.8691	0.0528
5.3370	2.8858	-1.8685	0.0528
5.3660	2.9189	-1.8668	0.0527
5.4370	2.9849	-1.8633	0.0527
5.4710	3.0399	-1.8604	0.0527
5.5370	3.0840	-1.8581	0.0527
5.5700	3.1390	-1.8552	0.0527
5.6380	3.1830	-1.8529	0.0526
5.6680	3.2270	-1.8505	0.0526
5.7380	3.2930	-1.8471	0.0526
5.8010	3.3700	-1.8430	0.0526
5.8700	3.4140	-1.8407	0.0526
5.9000	3.4690	-1.8378	0.0526
5.9690	3.5350	-1.8343	0.0525
6.0360	3.5680	-1.8326	0.0525
6.0700	3.6230	-1.8297	0.0525
6.1030	3.6780	-1.8268	0.0525
6.1350	3.6890	-1.8262	0.0525
6.1700	3.7330	-1.8239	0.0525
6.2360	3.7880	-1.8210	0.0525
6.3030	3.8430	-1.8181	0.0524
6.3370	3.8980	-1.8153	0.0524
6.3690	3.9419	-1.8130	0.0524
6.4040	3.9639	-1.8118	0.0524
6.4370	4.0079	-1.8095	0.0524
6.5030	4.0519	-1.8072	0.0524
6.5370	4.1069	-1.8043	0.0524
6.5990	4.1728	-1.8008	0.0523
6.6680	4.2168	-1.7985	0.0523
6.7030	4.2608	-1.7962	0.0523
6.7350	4.3047	-1.7939	0.0523
6.8050	4.3597	-1.7911	0.0523
6.8690	4.4256	-1.7876	0.0523
6.9370	4.5026	-1.7836	0.0523
7.0030	4.5466	-1.7813	0.0522
7.0370	4.5905	-1.7790	0.0522
7.1010	4.6455	-1.7761	0.0522
7.1360	4.7004	-1.7732	0.0522
7.2010	4.7664	-1.7698	0.0522
7.2700	4.8323	-1.7664	0.0522
7.3020	4.8763	-1.7641	0.0522
7.3680	4.9202	-1.7618	0.0521
7.4000	4.9752	-1.7589	0.0521
7.4670	5.0411	-1.7555	0.0521
7.5370	5.0851	-1.7532	0.0521
7.5670	5.1291	-1.7509	0.0521
7.6370	5.1840	-1.7480	0.0521
7.6710	5.2389	-1.7452	0.0520
7.7050	5.2499	-1.7446	0.0520
7.7360	5.2939	-1.7423	0.0520
7.8030	5.3378	-1.7400	0.0520
7.8340	5.3928	-1.7371	0.0520
7.9030	5.4587	-1.7337	0.0520
7.9380	5.5027	-1.7314	0.0520
8.0020	5.5576	-1.7286	0.0519
8.0700	5.6125	-1.7257	0.0519
8.1010	5.6675	-1.7229	0.0519
8.1370	5.6785	-1.7223	0.0519
8.1690	5.7114	-1.7206	0.0519
8.2030	5.7664	-1.7177	0.0519
8.2680	5.8213	-1.7149	0.0519
8.3370	5.8763	-1.7120	0.0519
8.3700	5.9312	-1.7092	0.0519
8.4380	5.9971	-1.7057	0.0519
8.5040	6.0411	-1.7035	0.0519
8.5360	6.0960	-1.7006	0.0519
8.6010	6.1509	-1.6977	0.0519
8.6690	6.2169	-1.6943	0.0519
8.7030	6.2718	-1.6915	0.0518
8.7360	6.2828	-1.6909	0.0518
8.7670	6.3267	-1.6886	0.0518
8.8380	6.3926	-1.6852	0.0518
8.9020	6.4696	-1.6812	0.0518
8.9690	6.5135	-1.6789	0.0518
9.0030	6.5684	-1.6761	0.0518
9.0680	6.6344	-1.6727	0.0517
9.1360	6.6893	-1.6698	0.0517
9.1700	6.7442	-1.6670	0.0517
9.2320	6.7882	-1.6647	0.0517
9.3000	6.8431	-1.6619	0.0517
9.3370	6.9090	-1.6585	0.0516
9.4000	6.9639	-1.6556	0.0516
9.4690	7.0079	-1.6534	0.0516
9.5020	7.0628	-1.6505	0.0516
9.5700	7.1177	-1.6477	0.0516
9.6030	7.1727	-1.6449	0.0516
9.6360	7.1837	-1.6443	0.0516
9.6720	7.2276	-1.6420	0.0516
9.7030	7.2716	-1.6398	0.0516
9.7700	7.3265	-1.6369	0.0516
9.8360	7.3924	-1.6335	0.0515
9.8700	7.4363	-1.6313	0.0515
9.9370	7.4803	-1.6290	0.0515
9.9690	7.5242	-1.6267	0.0515
10.0370	7.5682	-1.6245	0.0515
10.0690	7.6231	-1.6216	0.0515
10.1350	7.6780	-1.6188	0.0515
10.2020	7.7330	-1.6160	0.0514
10.2370	7.7989	-1.6126	0.0514
10.3030	7.8648	-1.6092	0.0514
10.3690	7.9087	-1.6069	0.0514
10.4030	7.9637	-1.6041	0.0514
10.4670	8.0186	-1.6013	0.0514
10.5030	8.0735	-1.5985	0.0513
10.5370	8.0845	-1.5979	0.0513
10.5690	8.1285	-1.5956	0.0513
10.6360	8.1724	-1.5934	0.0513
10.6690	8.2164	-1.5911	0.0513
10.7030	8.2603	-1.5889	0.0513
10.7710	8.3042	-1.5866	0.0513
10.8030	8.3482	-1.5844	0.0513
10.8680	8.4031	-1.5815	0.0512
10.8960	8.4580	-1.5787	0.0512
10.9640	8.5240	-1.5753	0.0512
11.0370	8.5899	-1.5720	0.0512
11.1040	8.6668	-1.5680	0.0512
11.1700	8.6997	-1.5663	0.0511
11.2010	8.7547	-1.5635	0.0511
11.2360	8.7986	-1.5613	0.0511
11.2690	8.8206	-1.5601	0.0511
11.3030	8.8645	-1.5579	0.0511
11.3700	8.9085	-1.5557	0.0511
11.4030	8.9524	-1.5534	0.0511
11.4360	8.9963	-1.5512	0.0511
11.5010	9.0513	-1.5484	0.0510
11.5370	9.1062	-1.5455	0.0510
11.5700	9.1172	-1.5450	0.0510
11.6030	9.1611	-1.5427	0.0510
11.6360	9.2051	-1.5405	0.0510
11.7000	9.2490	-1.5383	0.0510
11.7710	9.3040	-1.5355	0.0510
11.8000	9.3589	-1.5327	0.0509
11.8660	9.4138	-1.5299	0.0509
11.9000	9.4687	-1.5271	0.0509
11.9680	9.5237	-1.5243	0.0509
12.0360	9.5786	-1.5215	0.0509
12.1010	9.6335	-1.5187	0.0509
12.1360	9.6885	-1.5159	0.0509
12.2010	9.7434	-1.5131	0.0509
12.2680	9.8093	-1.5097	0.0508
12.3030	9.8642	-1.5069	0.0508
12.3370	9.8752	-1.5063	0.0508
12.3690	9.9192	-1.5041	0.0508
12.4030	9.9631	-1.5019	0.0508
12.4680	10.0070	-1.4996	0.0508
12.5380	10.0620	-1.4968	0.0508
12.5710	10.1169	-1.4941	0.0508
12.6010	10.1609	-1.4918	0.0508
12.6390	10.1828	-1.4907	0.0508
12.6710	10.2268	-1.4885	0.0507
12.7370	10.2707	-1.4862	0.0507
12.7710	10.3256	-1.4835	0.0507
12.8370	10.3916	-1.4801	0.0507
12.9010	10.4355	-1.4779	0.0507
12.9390	10.4904	-1.4751	0.0507
13.0040	10.5563	-1.4718	0.0507
13.0370	10.6003	-1.4695	0.0506
13.0700	10.6223	-1.4684	0.0506
13.1330	10.6662	-1.4662	0.0506
13.1700	10.7211	-1.4634	0.0506
13.2380	10.7871	-1.4601	0.0506
13.2700	10.8310	-1.4578	0.0506
13.3370	10.8749	-1.4556	0.0505
13.3690	10.9189	-1.4534	0.0505
13.4370	10.9738	-1.4506	0.0505
13.4680	11.0287	-1.4478	0.0505
13.5350	11.0947	-1.4445	0.0505
13.6030	11.1606	-1.4412	0.0505
13.6360	11.1935	-1.4395	0.0504
13.7030	11.2375	-1.4373	0.0504
13.7360	11.2814	-1.4351	0.0504
13.7710	11.3254	-1.4329	0.0504
13.8370	11.3693	-1.4306	0.0504
13.8690	11.4242	-1.4279	0.0504
13.9360	11.4792	-1.4251	0.0503
13.9710	11.5341	-1.4223	0.0503
14.0370	11.5890	-1.4196	0.0503
14.0720	11.6330	-1.4174	0.0503
14.1030	11.6549	-1.4163	0.0503
14.1350	11.6989	-1.4140	0.0503
14.2020	11.7428	-1.4118	0.0503
14.2730	11.8087	-1.4085	0.0503
14.3340	11.8857	-1.4046	0.0503
14.4030	11.9406	-1.4019	0.0503
14.4330	11.9955	-1.3991	0.0502
14.5040	12.0395	-1.3969	0.0502
14.5660	12.1054	-1.3936	0.0502
14.6010	12.1603	-1.3908	0.0502
14.6360	12.1823	-1.3897	0.0502
14.6690	12.2262	-1.3875	0.0502
14.7350	12.2811	-1.3848	0.0502
14.7670	12.3251	-1.3826	0.0502
14.8030	12.3471	-1.3815	0.0502
14.8370	12.3800	-1.3798	0.0502
14.8670	12.4240	-1.3776	0.0501
14.9350	12.4789	-1.3748	0.0501
15.0000	12.5338	-1.3721	0.0501
15.0330	12.5888	-1.3693	0.0501
15.1040	12.6437	-1.3666	0.0501
15.1380	12.6986	-1.3638	0.0501
15.2040	12.7645	-1.3605	0.0501
15.2670	12.8085	-1.3583	0.0500
15.3350	12.8634	-1.3556	0.0500
15.3710	12.9184	-1.3528	0.0500
15.4030	12.9623	-1.3506	0.0500
15.4380	12.9843	-1.3495	0.0500
15.4700	13.0282	-1.3473	0.0500
15.5350	13.0831	-1.3446	0.0500
15.5710	13.1271	-1.3424	0.0499
15.6370	13.1710	-1.3402	0.0499
15.6700	13.2260	-1.3374	0.0499
15.7030	13.2589	-1.3358	0.0499
15.7700	13.3029	-1.3336	0.0499
15.8020	13.3578	-1.3309	0.0499
15.8690	13.4237	-1.3276	0.0499
15.9390	13.4677	-1.3254	0.0499
15.9710	13.5226	-1.3226	0.0499
16.0330	13.5775	-1.3199	0.0499
16.0680	13.6325	-1.3171	0.0498
16.1020	13.6434	-1.3166	0.0498
16.1370	13.6874	-1.3144	0.0498
16.1670	13.7313	-1.3122	0.0498
16.2030	13.7423	-1.3117	0.0498
16.2370	13.7753	-1.3100	0.0498
16.3030	13.8302	-1.3073	0.0498
16.3370	13.8961	-1.3040	0.0498
16.4030	13.9291	-1.3024	0.0498
16.4390	13.9840	-1.2996	0.0498
16.5030	14.0390	-1.2969	0.0498
16.5370	14.0939	-1.2941	0.0498
16.5690	14.1049	-1.2936	0.0498
16.6040	14.1268	-1.2925	0.0498
16.6370	14.1818	-1.2898	0.0498
16.6690	14.2257	-1.2876	0.0497
16.7040	14.2477	-1.2865	0.0497
16.7380	14.2916	-1.2843	0.0497
16.8010	14.3466	-1.2816	0.0497
16.8650	14.4125	-1.2783	0.0497
16.9360	14.4894	-1.2745	0.0497
17.0040	14.5443	-1.2717	0.0494
17.0370	14.5989	-1.2693	0.0468
17.0680	14.6097	-1.2688	0.0460
17.1010	14.6536	-1.2670	0.0424
17.1710	14.7085	-1.2649	0.0368
17.2030	14.7633	-1.2632	0.0298
17.2680	14.8294	-1.2616	0.0196
17.3290	14.8628	-1.2611	0.0139
17.3690	14.9184	-1.2606	0.0042
17.4340	14.9738	-1.2607	-0.0049
17.4710	15.0290	-1.2613	-0.0147
17.5010	15.0400	-1.2615	-0.0169
17.5350	15.0841	-1.2624	-0.0260
17.6020	15.1282	-1.2638	-0.0355
17.6360	15.1722	-1.2656	-0.0454
17.6700	15.2164	-1.2679	-0.0558
17.7370	15.2714	-1.2714	-0.0690
17.7700	15.3265	-1.2756	-0.0828
17.8030	15.3375	-1.2765	-0.0856
17.8360	15.3814	-1.2805	-0.0970
17.8700	15.4251	-1.2850	-0.1084
17.9350	15.4689	-1.2901	-0.1196
17.9700	15.5124	-1.2956	-0.1298
18.0020	15.5556	-1.3014	-0.1395
18.0700	15.6097	-1.3094	-0.1512
18.1390	15.6638	-1.3180	-0.1632
18.1670	15.7181	-1.3273	-0.1751
18.2380	15.7720	-1.3372	-0.1870
18.2720	15.8262	-1.3478	-0.1989
18.3360	15.8909	-1.3614	-0.2129
18.4020	15.9339	-1.3709	-0.2221
18.4380	15.9768	-1.3809	-0.2315
18.5030	16.0302	-1.3938	-0.2433
18.5370	16.0835	-1.4074	-0.2551
18.6020	16.1261	-1.4188	-0.2647
18.6370	16.1686	-1.4305	-0.2741
18.7020	16.2110	-1.4427	-0.2835
18.7360	16.2532	-1.4552	-0.2929
18.7660	16.3057	-1.4714	-0.3047
18.8370	16.3684	-1.4917	-0.3191
18.9050	16.4206	-1.5094	-0.3310
18.9370	16.4622	-1.5239	-0.3405
18.9680	16.4829	-1.5313	-0.3453
19.0030	16.5140	-1.5426	-0.3524
19.0380	16.5553	-1.5581	-0.3620
19.1020	16.6066	-1.5778	-0.3738
19.1700	16.6678	-1.6024	-0.3882
19.2030	16.7184	-1.6235	-0.4005
19.2370	16.7285	-1.6278	-0.4030
19.2700	16.7590	-1.6410	-0.4102
19.3380	16.8092	-1.6632	-0.4223
19.3690	16.8692	-1.6908	-0.4370
19.4370	16.8991	-1.7049	-0.4443
19.4680	16.9388	-1.7240	-0.4540
19.5370	16.9880	-1.7484	-0.4663
19.5690	17.0371	-1.7736	-0.4785
19.6350	17.0857	-1.7992	-0.4908
19.6680	17.1341	-1.8255	-0.5029
19.7380	17.1821	-1.8523	-0.5151
19.8040	17.2392	-1.8852	-0.5298
19.8370	17.2771	-1.9077	-0.5395
19.9010	17.3240	-1.9362	-0.5519
19.9670	17.3800	-1.9713	-0.5667
20.0360	17.4446	-2.0133	-0.5840
20.1020	17.4812	-2.0378	-0.5939
20.1370	17.5175	-2.0626	-0.6037
20.1680	17.5536	-2.0878	-0.6136
20.2370	17.5984	-2.1198	-0.6259
20.2700	17.6428	-2.1524	-0.6382
20.3030	17.6516	-2.1589	-0.6407
20.3370	17.6779	-2.1787	-0.6481
20.4030	17.7216	-2.2122	-0.6605
20.4370	17.7648	-2.2462	-0.6729
20.5030	17.8161	-2.2878	-0.6878
20.5360	17.8499	-2.3159	-0.6977
20.6020	17.8835	-2.3444	-0.7076
20.6680	17.9250	-2.3804	-0.7201
20.7010	17.9743	-2.4244	-0.7351
20.7710	18.0229	-2.4690	-0.7500
20.8020	18.0309	-2.4765	-0.7525
20.8360	18.0549	-2.4992	-0.7599
20.8990	18.1024	-2.5451	-0.7747
20.9620	18.1494	-2.5918	-0.7897
21.0020	18.1878	-2.6310	-0.8022
21.0330	18.2030	-2.6468	-0.8072
21.0960	18.2407	-2.6868	-0.8195
21.1690	18.2853	-2.7354	-0.8343
21.2020	18.3221	-2.7765	-0.8466
21.2380	18.3293	-2.7847	-0.8491
21.2700	18.3582	-2.8179	-0.8590
21.3020	18.3867	-2.8513	-0.8689
21.3700	18.4150	-2.8851	-0.8788
21.4020	18.4429	-2.9191	-0.8888
21.4370	18.4772	-2.9620	-0.9013
21.5010	18.5111	-3.0054	-0.9137
21.5370	18.5377	-3.0403	-0.9236
21.6030	18.5706	-3.0845	-0.9360
21.6700	18.6093	-3.1379	-0.9510
21.7380	18.6534	-3.2011	-0.9684
21.8030	18.6843	-3.2466	-0.9807
21.8720	18.7206	-3.3017	-0.9956
21.9360	18.7502	-3.3481	-1.0081
21.9690	18.7792	-3.3948	-1.0205
22.0360	18.8076	-3.4419	-1.0329
22.1020	18.8355	-3.4893	-1.0452
22.1370	18.8628	-3.5371	-1.0575
22.1680	18.8682	-3.5467	-1.0600
22.2030	18.8895	-3.5852	-1.0699
22.2340	18.9103	-3.6238	-1.0798
22.3000	18.9359	-3.6725	-1.0922
22.3690	18.9610	-3.7216	-1.1045
22.4370	18.9902	-3.7808	-1.1193
22.4660	19.0138	-3.8304	-1.1318
22.5010	19.0185	-3.8404	-1.1342
22.5300	19.0414	-3.8904	-1.1467
22.5990	19.0637	-3.9406	-1.1590
22.6700	19.0853	-3.9912	-1.1714
22.7000	19.1101	-4.0513	-1.1859
22.7360	19.1105	-4.0523	-1.1861
22.7700	19.1268	-4.0931	-1.1959
22.8350	19.1466	-4.1444	-1.2083
22.8660	19.1695	-4.2064	-1.2231
22.9370	19.1843	-4.2479	-1.2331
22.9690	19.1986	-4.2895	-1.2430
23.0380	19.2160	-4.3417	-1.2556
23.0670	19.2327	-4.3941	-1.2682
23.1360	19.2487	-4.4467	-1.2806
23.2030	19.2641	-4.4994	-1.2928
23.2680	19.2788	-4.5524	-1.3051
23.3030	19.2929	-4.6056	-1.3173
23.3380	19.3061	-4.6579	-1.3292
23.3690	19.3089	-4.6696	-1.3319
23.4030	19.3166	-4.7017	-1.3393
23.4380	19.3265	-4.7446	-1.3492
23.5030	19.3382	-4.7983	-1.3614
23.5290	19.3471	-4.8415	-1.3713
23.5690	19.3514	-4.8630	-1.3762
23.5950	19.3597	-4.9062	-1.3860
23.6680	19.3694	-4.9604	-1.3981
23.7010	19.3767	-5.0038	-1.4079
23.7380	19.3802	-5.0255	-1.4128
23.7690	19.3869	-5.0690	-1.4226
23.8380	19.3932	-5.1125	-1.4323
23.8700	19.4004	-5.1671	-1.4447
23.9000	19.4057	-5.2108	-1.4544
23.9360	19.4070	-5.2217	-1.4568
23.9690	19.4117	-5.2655	-1.4664
24.0340	19.4171	-5.3203	-1.4784
24.1020	19.4218	-5.3750	-1.4903
24.1380	19.4259	-5.4299	-1.5021
24.2030	19.4299	-5.4958	-1.5164
24.2700	19.4334	-5.5725	-1.5321
24.3330	19.4348	-5.6165	-1.5411
24.3700	19.4361	-5.6716	-1.5522
24.4370	19.4369	-5.7375	-1.5651
24.4700	19.4369	-5.7705	-1.5715
24.5360	19.4366	-5.8253	-1.5822
24.5680	19.4358	-5.8693	-1.5913
24.6010	19.4353	-5.8912	-1.5963
24.6670	19.4340	-5.9351	-1.6064
24.7030	19.4310	-6.0010	-1.6222
24.7680	19.4262	-6.0779	-1.6420
24.8380	19.4228	-6.1218	-1.6538
24.9000	19.4167	-6.1880	-1.6709
24.9710	19.4082	-6.2648	-1.6887
25.0030	19.4028	-6.3084	-1.6984
25.0730	19.3970	-6.3518	-1.7079
25.1360	19.3891	-6.4059	-1.7203
25.1710	19.3806	-6.4599	-1.7329
25.2380	19.3694	-6.5251	-1.7478
25.2700	19.3614	-6.5683	-1.7576
25.3350	19.3530	-6.6116	-1.7675
25.3680	19.3442	-6.6546	-1.7775
25.4370	19.3325	-6.7084	-1.7898
25.4710	19.3202	-6.7620	-1.8023
25.5370	19.3045	-6.8261	-1.8170
25.6030	19.2963	-6.8581	-1.8245
25.6360	19.2822	-6.9113	-1.8368
25.6730	19.2673	-6.9642	-1.8494
25.6980	19.2643	-6.9748	-1.8519
25.7360	19.2518	-7.0170	-1.8620
25.8000	19.2324	-7.0801	-1.8769
25.8690	19.2119	-7.1431	-1.8917
25.9360	19.1906	-7.2054	-1.9067
26.0040	19.1759	-7.2468	-1.9166
26.0380	19.1607	-7.2882	-1.9265
26.1000	19.1412	-7.3396	-1.9389
26.1370	19.1211	-7.3907	-1.9513
26.2030	19.1003	-7.4416	-1.9639
26.2680	19.0789	-7.4924	-1.9762
26.2980	19.0568	-7.5428	-1.9887
26.3690	19.0296	-7.6028	-2.0038
26.4370	18.9966	-7.6725	-2.0214
26.5040	18.9821	-7.7021	-2.0289
26.5350	18.9625	-7.7414	-2.0391
26.6020	18.9321	-7.8001	-2.0542
26.6340	18.9062	-7.8486	-2.0666
26.6680	18.8957	-7.8680	-2.0716
26.7340	18.8689	-7.9162	-2.0841
26.7650	18.8416	-7.9638	-2.0966
26.8400	18.8136	-8.0112	-2.1091
26.9080	18.7851	-8.0582	-2.1216
26.9350	18.7560	-8.1050	-2.1342
27.0010	18.7203	-8.1604	-2.1493
27.0370	18.6961	-8.1970	-2.1593
27.1030	18.6715	-8.2334	-2.1693
27.1380	18.6401	-8.2788	-2.1819
27.2030	18.6019	-8.3325	-2.1970
27.2690	18.5759	-8.3680	-2.2070
27.3020	18.5496	-8.4032	-2.2170
27.3690	18.5228	-8.4382	-2.2270
27.4040	18.4889	-8.4817	-2.2396
27.4380	18.4615	-8.5160	-2.2496
27.4670	18.4476	-8.5330	-2.2546
27.5350	18.4196	-8.5670	-2.2646
27.5710	18.3842	-8.6091	-2.2771
27.6040	18.3554	-8.6424	-2.2871
27.6360	18.3410	-8.6589	-2.2921
27.6700	18.3190	-8.6837	-2.2996
27.7370	18.2896	-8.7163	-2.3096
27.7700	18.2523	-8.7566	-2.3221
27.8020	18.2220	-8.7887	-2.3321
27.8370	18.2067	-8.8046	-2.3371
27.8650	18.1761	-8.8361	-2.3472
27.9360	18.1372	-8.8752	-2.3597
27.9970	18.0980	-8.9136	-2.3723
28.0350	18.0582	-8.9516	-2.3848
28.1040	18.0100	-8.9964	-2.3999
28.1670	17.9773	-9.0260	-2.4099
28.2030	17.9361	-9.0625	-2.4223
28.2380	17.9027	-9.0914	-2.4324
28.2700	17.8860	-9.1056	-2.4374
28.3360	17.8524	-9.1338	-2.4473
28.3690	17.8099	-9.1687	-2.4599
28.4370	17.7670	-9.2031	-2.4723
28.5030	17.7236	-9.2369	-2.4849
28.5360	17.6710	-9.2768	-2.4998
28.6020	17.6356	-9.3029	-2.5099
28.6350	17.5909	-9.3351	-2.5225
28.7010	17.5369	-9.3730	-2.5377
28.7700	17.5006	-9.3977	-2.5478
28.8380	17.4548	-9.4282	-2.5604
28.8700	17.4086	-9.4581	-2.5729
28.9020	17.3714	-9.4816	-2.5830
28.9370	17.3527	-9.4932	-2.5880
28.9560	17.3245	-9.5104	-2.5955
29.0370	17.2773	-9.5387	-2.6079
29.0620	17.2299	-9.5663	-2.6202
29.1020	17.2203	-9.5718	-2.6227
29.1360	17.1724	-9.5987	-2.6350
29.2030	17.1143	-9.6303	-2.6500
29.2360	17.0852	-9.6457	-2.6575
29.3000	17.0265	-9.6760	-2.6724
29.3690	16.9575	-9.7101	-2.6898
29.4180	16.9178	-9.7291	-2.6997
29.5030	16.8579	-9.7569	-2.7147
29.5350	16.8077	-9.7793	-2.7271
29.5670	16.7976	-9.7837	-2.7295
29.6020	16.7471	-9.8054	-2.7419
29.6650	16.6964	-9.8264	-2.7545
29.7290	16.6451	-9.8469	-2.7670
29.7700	16.5939	-9.8666	-2.7794
29.8340	16.5319	-9.8895	-2.7945
29.9030	16.4905	-9.9043	-2.8044
29.9690	16.4384	-9.9221	-2.8168
30.0010	16.3862	-9.9393	-2.8292
30.0670	16.3235	-9.9590	-2.8426
30.1000	16.2813	-9.9719	-2.8507
30.1670	16.2284	-9.9873	-2.8625
30.2380	16.1754	-10.0021	-2.8746
30.2640	16.1222	-10.0163	-2.8867
30.3330	16.0689	-10.0298	-2.8989
30.4000	16.0155	-10.0426	-2.9112
30.4700	15.9512	-10.0572	-2.9257
30.5020	15.8866	-10.0708	-2.9402
30.5700	15.8434	-10.0794	-2.9497
30.6020	15.8004	-10.0875	-2.9578
30.6360	15.7569	-10.0955	-2.9641
30.7000	15.7132	-10.1033	-2.9692
30.7390	15.6695	-10.1108	-2.9734
30.8010	15.6261	-10.1181	-2.9768
30.8360	15.5720	-10.1270	-2.9800
30.9020	15.5075	-10.1374	-2.9827
30.9380	15.4646	-10.1442	-2.9837
31.0030	15.4214	-10.1511	-2.9839
31.0370	15.3781	-10.1580	-2.9840
31.0700	15.3347	-10.1649	-2.9840
31.1350	15.2913	-10.1718	-2.9840
31.1690	15.2478	-10.1787	-2.9841
31.2350	15.1827	-10.1890	-2.9841
31.3030	15.1067	-10.2011	-2.9841
31.3380	15.0741	-10.2063	-2.9841
31.4030	15.0199	-10.2149	-2.9842
31.4390	14.9654	-10.2235	-2.9844
31.4700	14.9545	-10.2252	-2.9848
31.5030	14.9219	-10.2303	-2.9865
31.5370	14.8781	-10.2370	-2.9897
31.6030	14.8233	-10.2451	-2.9947
31.6330	14.7687	-10.2529	-3.0011
31.6710	14.7577	-10.2544	-3.0025
31.7000	14.7140	-10.2603	-3.0088
31.7660	14.6482	-10.2687	-3.0199
31.8360	14.5714	-10.2774	-3.0351
31.9020	14.5167	-10.2829	-3.0471
31.9680	14.4510	-10.2886	-3.0623
32.0350	14.3748	-10.2938	-3.0816
32.1020	14.3312	-10.2962	-3.0931
32.1700	14.2655	-10.2988	-3.1105
32.2020	14.2105	-10.3001	-3.1233
32.2360	14.1885	-10.3004	-3.1283
32.2700	14.1445	-10.3008	-3.1379
32.3380	14.0896	-10.3006	3.1338
32.4030	14.0235	-10.2996	3.1204
32.4710	13.9797	-10.2984	3.1057
32.5370	13.9757	-10.2983	3.0975
32.5690	13.9720	-10.2981	3.0909
32.6000	13.9713	-10.2981	3.0898
32.6690	13.9678	-10.2979	3.0852
32.7010	13.9637	-10.2977	3.0819
32.7690	13.9599	-10.2975	3.0809
32.8030	13.9593	-10.2974	3.0809
32.8370	13.9578	-10.2973	3.0814
32.8690	13.9576	-10.2973	3.0816
32.9350	13.9590	-10.2974	3.0815
33.0030	13.9602	-10.2975	3.0815
33.0380	13.9615	-10.2975	3.0814
33.1040	13.9627	-10.2976	3.0812
33.1370	13.9641	-10.2977	3.0812
33.1990	13.9652	-10.2978	3.0811
33.2360	13.9660	-10.2978	3.0811
33.2700	13.9665	-10.2979	3.0811
33.3040	13.9668	-10.2979	3.0810
33.3370	13.9674	-10.2979	3.0810
33.4020	13.9680	-10.2979	3.0810
33.4370	13.9687	-10.2980	3.0809
33.5040	13.9692	-10.2980	3.0809
33.5330	13.9698	-10.2981	3.0809
33.6020	13.9704	-10.2981	3.0809
33.6670	13.9710	-10.2981	3.0808
33.7370	13.9717	-10.2982	3.0808
33.7680	13.9723	-10.2982	3.0807
33.8030	13.9724	-10.2982	3.0807
33.8350	13.9551	-10.2972	3.0806
33.8730	13.9060	-10.2941	3.0793
33.9360	13.8567	-10.2910	3.0768
33.9890	13.7973	-10.2871	3.0724
34.0690	13.7575	-10.2843	3.0686
34.1290	13.7077	-10.2806	3.0630
34.1690	13.6571	-10.2766	3.0565
34.2360	13.5933	-10.2710	3.0482
34.2610	13.5492	-10.2668	3.0426
34.2850	13.5154	-10.2633	3.0385
34.3590	13.4701	-10.2586	3.0329
34.4020	13.4018	-10.2509	3.0262
34.4660	13.3338	-10.2429	3.0216
34.4850	13.3226	-10.2415	3.0210
34.5630	13.2777	-10.2361	3.0188
34.5930	13.2327	-10.2305	3.0169
34.6610	13.1547	-10.2206	3.0151
34.7310	13.0769	-10.2107	3.0144
34.7680	13.0325	-10.2050	3.0144
34.7890	13.0103	-10.2022	3.0144
34.8330	12.9545	-10.1950	3.0144
34.8990	12.8878	-10.1865	3.0144
34.9640	12.8329	-10.1795	3.0144
34.9900	12.8219	-10.1781	3.0144
35.0670	12.7451	-10.1682	3.0144
35.1000	12.6903	-10.1612	3.0144
35.1370	12.6793	-10.1598	3.0144
35.1700	12.6574	-10.1570	3.0144
35.2010	12.6136	-10.1514	3.0144
35.2170	12.5807	-10.1472	3.0144
35.2550	12.5698	-10.1458	3.0144
35.3200	12.5150	-10.1388	3.0144
35.4010	12.4164	-10.1262	3.0144
35.4380	12.3617	-10.1192	3.0144
35.4640	12.3507	-10.1178	3.0144
35.4990	12.2960	-10.1108	3.0144
35.5620	12.2522	-10.1052	3.0144
35.5940	12.1975	-10.0982	3.0144
35.6580	12.1646	-10.0940	3.0144
35.6880	12.1209	-10.0884	3.0144
35.7290	12.0771	-10.0828	3.0144
35.7550	12.0443	-10.0786	3.0144
35.7990	12.0224	-10.0758	3.0144
35.8280	12.0005	-10.0730	3.0144
35.8570	11.9568	-10.0675	3.0144
35.8960	11.9130	-10.0619	3.0144
35.9540	11.8693	-10.0563	3.0145
36.0010	11.8255	-10.0507	3.0145
36.0340	11.7708	-10.0437	3.0145
36.0970	11.7271	-10.0381	3.0145
36.1270	11.6834	-10.0325	3.0145
36.1670	11.6396	-10.0269	3.0145
36.2020	11.5959	-10.0213	3.0145
36.2360	11.5850	-10.0199	3.0145
36.2640	11.5412	-10.0143	3.0145
36.2960	11.4975	-10.0088	3.0145
36.3340	11.4757	-10.0060	3.0145
36.3950	11.4319	-10.0004	3.0144
36.4350	11.3882	-9.9948	3.0144
36.4630	11.3445	-9.9892	3.0144
36.4970	11.3008	-9.9836	3.0144
36.5370	11.2789	-9.9808	3.0144
36.5680	11.2462	-9.9766	3.0144
36.6000	11.2025	-9.9710	3.0144
36.6370	11.1697	-9.9668	3.0144
36.6690	11.1478	-9.9640	3.0144
36.7030	11.1150	-9.9599	3.0144
36.7350	11.0713	-9.9543	3.0144
36.7980	11.0058	-9.9459	3.0144
36.8260	10.9839	-9.9431	3.0144
36.8550	10.9621	-9.9403	3.0145
36.8960	10.9184	-9.9347	3.0145
36.9340	10.8638	-9.9277	3.0144
36.9970	10.8419	-9.9249	3.0145
37.0260	10.7873	-9.9180	3.0145
37.0950	10.7218	-9.9096	3.0145
37.1360	10.6672	-9.9026	3.0145
37.1880	10.6126	-9.8956	3.0144
37.2640	10.5798	-9.8914	3.0144
37.2980	10.5252	-9.8845	3.0144
37.3340	10.4706	-9.8775	3.0145
37.4020	10.4378	-9.8733	3.0145
37.4360	10.3832	-9.8663	3.0145
37.4690	10.3396	-9.8607	3.0145
37.5340	10.2741	-9.8523	3.0145
37.6020	10.2195	-9.8454	3.0145
37.6690	10.1649	-9.8384	3.0145
37.7040	10.1103	-9.8314	3.0145
37.7360	10.0994	-9.8300	3.0145
37.7700	10.0557	-9.8244	3.0145
37.8320	10.0011	-9.8175	3.0145
37.8590	9.9465	-9.8105	3.0145
37.9390	9.8701	-9.8007	3.0145
38.0020	9.8046	-9.7923	3.0145
38.0340	9.7937	-9.7909	3.0145
38.0670	9.7391	-9.7840	3.0145
38.1350	9.6845	-9.7770	3.0145
38.2020	9.6299	-9.7700	3.0145
38.2390	9.5754	-9.7630	3.0145
38.3020	9.5099	-9.7547	3.0145
38.3690	9.4662	-9.7491	3.0145
38.4370	9.4007	-9.7407	3.0145
38.4680	9.3461	-9.7338	3.0145
38.5360	9.3025	-9.7282	3.0145
38.6010	9.2370	-9.7198	3.0145
38.6670	9.1606	-9.7100	3.0145
38.7360	9.1169	-9.7045	3.0145
38.7730	9.0624	-9.6975	3.0145
38.8360	8.9969	-9.6891	3.0145
38.9010	8.9314	-9.6807	3.0145
38.9310	8.8877	-9.6752	3.0145
38.9700	8.8768	-9.6738	3.0145
39.0030	8.8441	-9.6696	3.0145
39.0370	8.7895	-9.6626	3.0145
39.0680	8.7459	-9.6570	3.0145
39.1030	8.7240	-9.6542	3.0145
39.1370	8.6804	-9.6487	3.0145
39.2030	8.6367	-9.6431	3.0145
39.2380	8.5931	-9.6375	3.0145
39.3010	8.5385	-9.6305	3.0145
39.3360	8.4839	-9.6236	3.0145
39.3650	8.4730	-9.6222	3.0145
39.4010	8.4185	-9.6152	3.0145
39.4700	8.3530	-9.6068	3.0145
39.5370	8.3202	-9.6026	3.0145
39.5690	8.2657	-9.5957	3.0145
39.6360	8.2111	-9.5887	3.0145
39.7030	8.1456	-9.5803	3.0145
39.7450	8.0802	-9.5720	3.0145
39.7720	8.0693	-9.5706	3.0145
39.8350	8.0147	-9.5636	3.0145
39.8720	7.9601	-9.5566	3.0145
39.9030	7.9492	-9.5552	3.0145
39.9370	7.9056	-9.5497	3.0145
39.9710	7.8619	-9.5441	3.0145
40.0370	7.8073	-9.5371	3.0145
40.1030	7.7419	-9.5288	3.0145
40.1370	7.6982	-9.5232	3.0146
40.2020	7.6546	-9.5176	3.0146
40.2390	7.6109	-9.5120	3.0146
40.3010	7.5564	-9.5051	3.0146
40.3290	7.5018	-9.4981	3.0146
40.3970	7.4363	-9.4897	3.0146
40.4690	7.4036	-9.4856	3.0146
40.5010	7.3272	-9.4758	3.0146
40.5690	7.2617	-9.4674	3.0146
40.6350	7.2181	-9.4619	3.0146
40.7020	7.1635	-9.4549	3.0146
40.7370	7.1090	-9.4479	3.0146
40.7620	7.0663	-9.4425	3.0146
40.8020	7.0544	-9.4410	3.0146
40.8360	6.9999	-9.4340	3.0146
40.9030	6.9344	-9.4256	3.0146
40.9350	6.9126	-9.4228	3.0146
41.0050	6.8471	-9.4145	3.0146
41.0710	6.7707	-9.4047	3.0146
41.1350	6.7271	-9.3992	3.0146
41.2020	6.6725	-9.3922	3.0146
41.2340	6.6070	-9.3838	3.0146
41.3020	6.5416	-9.3755	3.0146
41.3700	6.4761	-9.3671	3.0146
41.4390	6.4324	-9.3615	3.0146
41.4700	6.3779	-9.3546	3.0146
41.5340	6.3124	-9.3462	3.0146
41.5980	6.2578	-9.3392	3.0146
41.6700	6.2033	-9.3323	3.0146
41.7030	6.1487	-9.3253	3.0146
41.7380	6.1051	-9.3197	3.0146
41.7680	6.0833	-9.3169	3.0146
41.8320	6.0396	-9.3114	3.0146
41.8700	5.9851	-9.3044	3.0146
41.9330	5.9196	-9.2960	3.0146
42.0040	5.8541	-9.2877	3.0146
42.0370	5.8105	-9.2821	3.0146
42.1010	5.7668	-9.2765	3.0146
42.1370	5.7232	-9.2709	3.0146
42.2030	5.6686	-9.2640	3.0146
42.2360	5.6032	-9.2556	3.0146
42.3030	5.5595	-9.2500	3.0146
42.3370	5.5159	-9.2445	3.0146
42.4030	5.4722	-9.2389	3.0146
42.4370	5.4177	-9.2319	3.0146
42.5020	5.3522	-9.2236	3.0146
42.5380	5.3085	-9.2180	3.0146
42.6020	5.2540	-9.2110	3.0146
42.6670	5.1994	-9.2041	3.0146
42.7060	5.1449	-9.1971	3.0146
42.7680	5.0903	-9.1901	3.0146
42.8390	5.0248	-9.1818	3.0146
42.8680	4.9812	-9.1762	3.0146
42.9370	4.9266	-9.1692	3.0146
42.9700	4.8830	-9.1637	3.0146
43.0020	4.8612	-9.1609	3.0146
43.0360	4.8175	-9.1553	3.0146
43.1010	4.7739	-9.1497	3.0146
43.1370	4.7302	-9.1442	3.0146
43.2010	4.6757	-9.1372	3.0146
43.2360	4.6211	-9.1302	3.0146
43.2700	4.6102	-9.1289	3.0146
43.3020	4.5666	-9.1233	3.0146
43.3370	4.5229	-9.1177	3.0146
43.4010	4.4793	-9.1121	3.0147
43.4390	4.4247	-9.1052	3.0147
43.5040	4.3701	-9.0982	3.0147
43.5690	4.3047	-9.0899	3.0147
43.6000	4.2501	-9.0829	3.0147
43.6380	4.2392	-9.0815	3.0147
43.6700	4.2065	-9.0773	3.0147
43.7340	4.1519	-9.0704	3.0147
43.7700	4.0865	-9.0620	3.0147
43.8320	4.0210	-9.0537	3.0147
43.8960	3.9773	-9.0481	3.0147
43.9680	3.9119	-9.0397	3.0147
44.0290	3.8464	-9.0314	3.0147
44.1000	3.7700	-9.0216	3.0147
44.1680	3.7155	-9.0147	3.0147
44.2030	3.6609	-9.0077	3.0147
44.2370	3.6500	-9.0063	3.0147
44.2680	3.6063	-9.0007	3.0147
44.3030	3.5627	-8.9952	3.0147
44.3730	3.5190	-8.9896	3.0147
44.4010	3.4645	-8.9826	3.0147
44.4680	3.3990	-8.9743	3.0147
44.5310	3.3336	-8.9659	3.0147
44.5690	3.3226	-8.9645	3.0147
44.5970	3.2681	-8.9576	3.0147
44.6690	3.2135	-8.9506	3.0147
44.7350	3.1481	-8.9423	3.0147
44.8020	3.0717	-8.9325	3.0147
44.8660	3.0280	-8.9270	3.0147
44.9340	2.9626	-8.9186	3.0147
45.0010	2.8971	-8.9102	3.0147
45.0350	2.8316	-8.9019	3.0147
45.0980	2.7662	-8.8935	3.0147
45.1690	2.7116	-8.8866	3.0147
45.2040	2.6680	-8.8810	3.0147
45.2380	2.6461	-8.8782	3.0147
45.2700	2.6025	-8.8727	3.0147
45.3360	2.5588	-8.8671	3.0147
45.4000	2.4934	-8.8587	3.0147
45.4330	2.4388	-8.8518	3.0147
45.4680	2.4279	-8.8504	3.0147
45.5040	2.3842	-8.8448	3.0147
45.5370	2.3406	-8.8393	3.0147
45.6030	2.2970	-8.8337	3.0147
45.6360	2.2533	-8.8281	3.0147
45.7030	2.1987	-8.8212	3.0147
45.7380	2.1333	-8.8128	3.0147
45.8030	2.0896	-8.8072	3.0147
45.8380	2.0460	-8.8017	3.0147
45.8650	2.0023	-8.7961	3.0147
45.9030	1.9914	-8.7947	3.0147
45.9360	1.9587	-8.7905	3.0147
45.9700	1.9041	-8.7836	3.0147
46.0370	1.8496	-8.7766	3.0147
46.1030	1.7841	-8.7683	3.0147
46.1390	1.7514	-8.7641	3.0147
46.2030	1.6968	-8.7571	3.0147
46.2360	1.6423	-8.7502	3.0147
46.2700	1.6313	-8.7488	3.0147
46.3020	1.5877	-8.7432	3.0147
46.3680	1.5331	-8.7363	3.0147
46.4390	1.4786	-8.7293	3.0147
46.4690	1.4240	-8.7223	3.0147
46.5340	1.3586	-8.7140	3.0148
46.6010	1.2822	-8.7043	3.0147
46.6340	1.2494	-8.7001	3.0148
46.7030	1.1949	-8.6931	3.0147
46.7710	1.1403	-8.6862	3.0148
46.8020	1.0749	-8.6778	3.0148
46.8700	1.0312	-8.6722	3.0148
46.8990	0.9876	-8.6667	3.0148
46.9690	0.9330	-8.6597	3.0148
47.0370	0.8675	-8.6514	3.0148
47.0660	0.8130	-8.6444	3.0148
47.1000	0.7912	-8.6416	3.0148
47.1670	0.7366	-8.6347	3.0148
47.1970	0.6830	-8.6278	3.0148
47.2370	0.6711	-8.6263	3.0148
47.2680	0.6275	-8.6208	3.0148
47.3350	0.5620	-8.6124	3.0148
47.4040	0.4965	-8.6041	3.0148
47.4730	0.4529	-8.5985	3.0148
47.5030	0.3983	-8.5916	3.0148
47.5320	0.3547	-8.5860	3.0148
47.5720	0.3329	-8.5832	3.0148
47.6370	0.2783	-8.5762	3.0148
47.6700	0.2128	-8.5679	3.0148
47.7340	0.1692	-8.5623	3.0148
47.7970	0.1146	-8.5554	3.0148
47.8370	0.0601	-8.5484	3.0148
47.8980	0.0055	-8.5415	3.0148
47.9650	-0.0490	-8.5345	3.0148
48.0010	-0.1036	-8.5276	3.0148
48.0700	-0.1582	-8.5206	3.0148
48.1010	-0.2127	-8.5136	3.0148
48.1370	-0.2236	-8.5123	3.0148
48.1700	-0.2673	-8.5067	3.0148
48.2030	-0.3109	-8.5011	3.0148
48.2370	-0.3218	-8.4997	3.0148
48.2710	-0.3655	-8.4942	3.0148
48.3030	-0.4091	-8.4886	3.0148
48.3690	-0.4637	-8.4816	3.0148
48.4370	-0.5182	-8.4747	3.0148
48.4730	-0.5728	-8.4677	3.0148
48.5050	-0.5837	-8.4663	3.0148
48.5340	-0.6274	-8.4608	3.0148
48.6040	-0.6928	-8.4524	3.0148
48.6690	-0.7583	-8.4441	3.0148
48.7000	-0.8019	-8.4385	3.0148
48.7680	-0.8565	-8.4316	3.0148
48.8350	-0.9220	-8.4232	3.0148
48.8710	-0.9765	-8.4163	3.0148
48.9030	-0.9874	-8.4149	3.0148
48.9370	-1.0311	-8.4093	3.0148
49.0010	-1.0747	-8.4037	3.0148
49.0370	-1.1293	-8.3968	3.0148
49.1020	-1.1948	-8.3884	3.0148
49.1690	-1.2384	-8.3829	3.0148
49.2030	-1.2930	-8.3759	3.0148
49.2670	-1.3584	-8.3676	3.0148
49.3380	-1.4348	-8.3578	3.0147
49.4030	-1.4785	-8.3523	3.0147
49.4370	-1.5221	-8.3467	3.0148
49.4700	-1.5658	-8.3411	3.0148
49.5390	-1.6312	-8.3328	3.0148
49.6010	-1.6967	-8.3244	3.0148
49.6700	-1.7403	-8.3189	3.0148
49.7020	-1.7840	-8.3133	3.0148
49.7350	-1.8276	-8.3077	3.0148
49.8000	-1.8822	-8.3008	3.0148
49.8670	-1.9368	-8.2938	3.0148
49.9340	-2.0022	-8.2855	3.0148
49.9690	-2.0677	-8.2771	3.0148
49.9980	-2.0786	-8.2757	3.0148
50.0400	-2.1223	-8.2702	3.0148
50.1030	-2.1877	-8.2618	3.0148
50.1670	-2.2532	-8.2535	3.0148
50.2390	-2.2968	-8.2479	3.0148
50.2700	-2.3405	-8.2424	3.0148
50.3410	-2.3950	-8.2354	3.0148
50.3710	-2.4496	-8.2285	3.0148
50.4380	-2.5042	-8.2215	3.0148
50.4730	-2.5587	-8.2146	3.0148
50.5010	-2.5696	-8.2132	3.0148
50.5370	-2.6242	-8.2062	3.0148
50.6030	-2.6897	-8.1979	3.0148
50.6670	-2.7333	-8.1923	3.0148
50.7020	-2.7879	-8.1853	3.0149
50.7710	-2.8424	-8.1784	3.0149
50.8370	-2.9079	-8.1701	3.0149
50.8720	-2.9515	-8.1645	3.0149
50.9370	-3.0061	-8.1575	3.0149
50.9980	-3.0716	-8.1492	3.0149
51.0370	-3.1152	-8.1436	3.0149
51.1030	-3.1698	-8.1367	3.0149
51.1360	-3.2243	-8.1297	3.0149
51.2040	-3.2680	-8.1242	3.0149
51.2350	-3.3116	-8.1186	3.0149
51.3010	-3.3771	-8.1103	3.0149
51.3680	-3.4535	-8.1005	3.0149
51.4380	-3.5080	-8.0936	3.0149
51.5030	-3.5735	-8.0852	3.0149
51.5370	-3.6063	-8.0811	3.0149
51.6040	-3.6499	-8.0755	3.0148
51.6360	-3.7045	-8.0686	3.0148
51.6700	-3.7481	-8.0630	3.0148
51.7010	-3.7699	-8.0602	3.0148
51.7360	-3.8136	-8.0547	3.0148
51.8020	-3.8572	-8.0491	3.0149
51.8380	-3.9118	-8.0421	3.0149
51.9030	-3.9663	-8.0352	3.0148
51.9680	-4.0318	-8.0268	3.0149
52.0040	-4.0755	-8.0213	3.0149
52.0360	-4.0973	-8.0185	3.0149
52.0680	-4.1409	-8.0129	3.0148
52.1360	-4.1846	-8.0074	3.0148
52.2010	-4.2500	-7.9990	3.0149
52.2370	-4.3155	-7.9907	3.0148
52.3010	-4.3810	-7.9824	3.0149
52.3340	-4.3919	-7.9810	3.0149
52.3710	-4.4355	-7.9754	3.0148
52.4380	-4.4901	-7.9685	3.0148
52.4680	-4.5447	-7.9615	3.0148
52.5030	-4.5556	-7.9601	3.0148
52.5370	-4.5883	-7.9559	3.0148
52.5690	-4.6429	-7.9490	3.0148
52.6370	-4.6974	-7.9420	3.0148
52.6680	-4.7411	-7.9365	3.0148
52.7020	-4.7629	-7.9337	3.0148
52.7370	-4.7956	-7.9295	3.0148
52.8020	-4.8502	-7.9226	3.0148
52.8370	-4.9046	-7.9155	3.0135
52.8710	-4.9154	-7.9141	3.0129
52.9010	-4.9693	-7.9069	3.0086
52.9710	-5.0230	-7.8995	3.0030
53.0340	-5.0775	-7.8916	2.9959
53.0710	-5.1328	-7.8832	2.9875
53.1340	-5.1989	-7.8725	2.9760
53.2030	-5.2537	-7.8630	2.9653
53.2670	-5.3083	-7.8529	2.9537
53.3070	-5.3628	-7.8422	2.9412
53.3700	-5.4169	-7.8308	2.9286
53.4360	-5.4707	-7.8188	2.9174
53.4650	-5.5239	-7.8063	2.9059
53.5380	-5.5768	-7.7932	2.8942
53.5690	-5.6299	-7.7795	2.8827
53.6040	-5.6404	-7.7767	2.8805
53.6380	-5.6826	-7.7652	2.8713
53.7030	-5.7352	-7.7502	2.8596
53.7230	-5.7774	-7.7378	2.8504
53.8000	-5.8404	-7.7183	2.8367
53.8700	-5.9138	-7.6945	2.8208
53.9390	-5.9555	-7.6804	2.8115
54.0020	-6.0075	-7.6623	2.8001
54.0370	-6.0592	-7.6435	2.7885
54.0690	-6.1005	-7.6281	2.7793
54.1020	-6.1210	-7.6202	2.7747
54.1370	-6.1620	-7.6042	2.7654
54.2030	-6.2028	-7.5879	2.7560
54.2370	-6.2537	-7.5668	2.7443
54.3040	-6.3044	-7.5452	2.7326
54.3690	-6.3547	-7.5229	2.7209
54.4040	-6.4147	-7.4955	2.7068
54.4680	-6.4547	-7.4767	2.6973
54.5360	-6.5042	-7.4528	2.6854
54.5710	-6.5632	-7.4232	2.6712
54.6370	-6.6217	-7.3929	2.6568
54.7030	-6.6605	-7.3722	2.6472
54.7370	-6.6992	-7.3511	2.6376
54.7710	-6.7377	-7.3296	2.6279
54.8370	-6.7759	-7.3077	2.6181
54.8690	-6.8139	-7.2855	2.6085
54.9360	-6.8611	-7.2573	2.5964
54.9690	-6.9080	-7.2284	2.5843
54.9980	-6.9173	-7.2226	2.5819
55.0360	-6.9453	-7.2049	2.5746
55.1000	-7.0007	-7.1690	2.5602
55.1360	-7.0465	-7.1384	2.5480
55.1690	-7.0647	-7.1261	2.5432
55.2000	-7.1009	-7.1012	2.5334
55.2740	-7.1458	-7.0694	2.5213
55.3380	-7.1904	-7.0371	2.5093
55.3690	-7.2346	-7.0043	2.4972
55.4370	-7.2783	-6.9709	2.4850
55.5010	-7.3217	-6.9371	2.4728
55.5690	-7.3731	-6.8958	2.4582
55.6010	-7.4232	-6.8543	2.4436
55.6330	-7.4323	-6.8466	2.4409
55.7000	-7.4742	-6.8108	2.4286
55.7660	-7.5238	-6.7672	2.4137
55.8000	-7.5726	-6.7231	2.3988
55.8680	-7.6209	-6.6779	2.3839
55.9020	-7.6289	-6.6704	2.3814
55.9390	-7.6686	-6.6321	2.3691
56.0010	-7.7077	-6.5935	2.3567
56.0690	-7.7540	-6.5464	2.3418
56.1360	-7.8072	-6.4906	2.3243
56.2020	-7.8445	-6.4503	2.3119
56.2710	-7.8813	-6.4096	2.2994
56.3030	-7.9177	-6.3682	2.2870
56.3370	-7.9249	-6.3599	2.2845
56.3710	-7.9535	-6.3266	2.2745
56.4030	-7.9818	-6.2928	2.2646
56.4710	-8.0098	-6.2589	2.2547
56.5030	-8.0442	-6.2160	2.2423
56.5710	-8.0781	-6.1727	2.2299
56.6370	-8.1116	-6.1288	2.2175
56.6690	-8.1510	-6.0759	2.2025
56.7330	-8.1831	-6.0313	2.1900
56.8020	-8.2147	-5.9863	2.1776
56.8700	-8.2458	-5.9409	2.1652
56.9030	-8.2824	-5.8859	2.1502
56.9690	-8.3003	-5.8581	2.1427
57.0030	-8.3239	-5.8211	2.1328
57.0350	-8.3529	-5.7743	2.1204
57.1030	-8.3869	-5.7178	2.1056
57.1700	-8.4146	-5.6703	2.0933
57.2030	-8.4363	-5.6320	2.0834
57.2330	-8.4471	-5.6128	2.0785
57.2710	-8.4683	-5.5742	2.0687
57.3370	-8.4891	-5.5354	2.0588
57.3640	-8.5095	-5.4964	2.0490
57.4370	-8.5345	-5.4475	2.0367
57.4670	-8.5588	-5.3982	2.0243
57.5020	-8.5637	-5.3883	2.0219
57.5360	-8.5826	-5.3485	2.0120
57.6020	-8.6104	-5.2886	1.9972
57.6700	-8.6415	-5.2182	1.9800
57.7370	-8.6588	-5.1777	1.9702
57.7690	-8.6757	-5.1370	1.9602
57.7990	-8.6922	-5.0963	1.9502
57.8710	-8.7122	-5.0450	1.9378
57.9340	-8.7316	-4.9937	1.9255
57.9670	-8.7503	-4.9419	1.9132
58.0350	-8.7719	-4.8796	1.8984
58.0700	-8.7825	-4.8483	1.8911
58.1370	-8.7995	-4.7959	1.8786
58.1690	-8.8157	-4.7435	1.8664
58.2010	-8.8189	-4.7330	1.8640
58.2680	-8.8345	-4.6802	1.8520
58.3320	-8.8523	-4.6166	1.8372
58.3700	-8.8691	-4.5527	1.8224
58.4370	-8.8851	-4.4886	1.8076
58.5000	-8.8951	-4.4457	1.7976
58.5390	-8.9071	-4.3922	1.7854
58.5970	-8.9207	-4.3280	1.7724
58.6700	-8.9294	-4.2846	1.7661
58.7010	-8.9401	-4.2298	1.7599
58.7670	-8.9524	-4.1647	1.7541
58.8330	-8.9623	-4.1107	1.7507
58.9020	-8.9720	-4.0571	1.7482
58.9370	-8.9815	-4.0038	1.7463
59.0010	-8.9910	-3.9500	1.7458
59.0350	-9.0005	-3.8960	1.7458
59.0700	-9.0024	-3.8852	1.7458
59.1020	-9.0082	-3.8527	1.7458
59.1710	-9.0177	-3.7986	1.7457
59.2010	-9.0273	-3.7445	1.7457
59.2670	-9.0369	-3.6904	1.7457
59.3380	-9.0483	-3.6254	1.7456
59.3700	-9.0579	-3.5713	1.7456
59.4040	-9.0598	-3.5605	1.7456
59.4360	-9.0675	-3.5172	1.7456
59.5020	-9.0751	-3.4739	1.7456
59.5360	-9.0847	-3.4197	1.7456
59.5700	-9.0923	-3.3764	1.7455
59.6030	-9.0961	-3.3548	1.7455
59.6340	-9.1019	-3.3223	1.7455
59.6980	-9.1114	-3.2681	1.7455
59.7680	-9.1229	-3.2032	1.7455
59.8010	-9.1325	-3.1490	1.7454
59.8360	-9.1363	-3.1274	1.7454
59.8670	-9.1438	-3.0840	1.7442
59.9350	-9.1530	-3.0298	1.7404
60.0030	-9.1620	-2.9756	1.7352
60.0370	-9.1725	-2.9102	1.7271
60.1020	-9.1775	-2.8775	1.7223
60.1360	-9.1840	-2.8337	1.7152
60.1720	-9.1917	-2.7787	1.7052
60.2360	-9.1987	-2.7238	1.6941
60.3010	-9.2063	-2.6585	1.6794
60.3350	-9.2109	-2.6146	1.6691
60.4010	-9.2159	-2.5598	1.6559
60.4710	-9.2201	-2.5048	1.6422
60.5020	-9.2237	-2.4497	1.6283
60.5700	-9.2264	-2.3950	1.6142
60.6360	-9.2284	-2.3400	1.6008
60.6700	-9.2296	-2.2854	1.5885
60.7030	-9.2298	-2.2744	1.5862
60.7370	-9.2302	-2.2415	1.5791
60.7700	-9.2303	-2.1975	1.5700
60.8390	-9.2300	-2.1428	1.5589
60.8660	-9.2297	-2.1220	1.5486
60.9360	-9.2296	-2.1179	1.5405
61.0020	-9.2294	-2.1142	1.5339
61.0390	-9.2293	-2.1106	1.5291
61.1050	-9.2291	-2.1064	1.5254
61.1680	-9.2290	-2.1038	1.5242
61.2040	-9.2288	-2.1003	1.5243
61.2660	-9.2288	-2.0999	1.5250
61.3040	-9.2288	-2.1001	1.5250
61.3330	-9.2289	-2.1014	1.5250
61.4030	-9.2290	-2.1029	1.5249
61.4370	-9.2290	-2.1042	1.5246
61.4680	-9.2291	-2.1048	1.5245
61.5350	-9.2291	-2.1060	1.5244
61.5670	-9.2292	-2.1071	1.5244
61.6360	-9.2292	-2.1081	1.5243
61.6700	-9.2292	-2.1083	1.5243
61.6870	-9.2292	-2.1088	1.5243
61.7700	-9.2293	-2.1098	1.5243
61.8360	-9.2293	-2.1107	1.5242
61.9030	-9.2294	-2.1114	1.5242
61.9680	-9.2294	-2.1120	1.5241
62.0390	-9.2294	-2.1128	1.5241
62.0700	-9.2295	-2.1134	1.5240
62.1030	-9.2295	-2.1136	1.5240
62.1360	-9.2295	-2.1139	1.5240
62.2020	-9.2295	-2.1144	1.5239
62.2370	-9.2275	-2.0730	1.5233
62.3030	-9.2261	-2.0435	1.5221
62.3360	-9.2242	-2.0041	1.5200
62.3680	-9.2216	-1.9546	1.5163
62.4380	-9.2183	-1.8950	1.5106
62.5030	-9.2159	-1.8550	1.5059
62.5370	-9.2132	-1.8148	1.5006
62.6030	-9.2094	-1.7623	1.4936
62.6370	-9.2051	-1.7079	1.4864
62.6700	-9.2042	-1.6969	1.4850
62.7000	-9.2002	-1.6521	1.4793
62.7700	-9.1948	-1.5952	1.4724
62.8020	-9.1891	-1.5383	1.4674
62.8700	-9.1843	-1.4929	1.4642
62.9030	-9.1794	-1.4478	1.4615
62.9680	-9.1732	-1.3918	1.4591
63.0030	-9.1669	-1.3362	1.4577
63.0680	-9.1606	-1.2806	1.4568
63.1340	-9.1542	-1.2248	1.4563
63.1700	-9.1478	-1.1688	1.4561
63.2350	-9.1414	-1.1133	1.4563
63.3010	-9.1349	-1.0575	1.4562
63.3370	-9.1272	-0.9905	1.4562
63.4010	-9.1234	-0.9574	1.4562
63.4380	-9.1171	-0.9025	1.4562
63.5030	-9.1095	-0.8366	1.4562
63.5380	-9.1045	-0.7927	1.4562
63.5680	-9.1019	-0.7708	1.4562
63.6050	-9.0969	-0.7269	1.4562
63.6700	-9.0918	-0.6830	1.4562
63.6990	-9.0855	-0.6281	1.4562
63.7700	-9.0792	-0.5733	1.4562
63.8370	-9.0729	-0.5185	1.4562
63.8680	-9.0666	-0.4637	1.4562
63.9370	-9.0603	-0.4088	1.4562
63.9710	-9.0552	-0.3650	1.4562
64.0040	-9.0527	-0.3431	1.4562
64.0630	-9.0477	-0.2993	1.4562
64.1010	-9.0401	-0.2335	1.4562
64.1710	-9.0313	-0.1568	1.4562
64.2370	-9.0262	-0.1130	1.4563
64.3050	-9.0199	-0.0582	1.4563
64.3360	-9.0124	0.0075	1.4563
64.4000	-9.0073	0.0513	1.4563
64.4360	-9.0010	0.1061	1.4563
64.5030	-8.9935	0.1718	1.4563
64.5680	-8.9897	0.2046	1.4563
64.6030	-8.9847	0.2484	1.4563
64.6370	-8.9784	0.3031	1.4563
64.7030	-8.9721	0.3579	1.4563
64.7370	-8.9670	0.4017	1.4563
64.7690	-8.9645	0.4236	1.4563
64.8390	-8.9582	0.4783	1.4563
64.8660	-8.9519	0.5330	1.4563
64.9010	-8.9507	0.5440	1.4563
64.9370	-8.9456	0.5877	1.4563
65.0030	-8.9394	0.6424	1.4563
65.0340	-8.9331	0.6972	1.4563
65.1010	-8.9268	0.7519	1.4563
65.1700	-8.9192	0.8175	1.4563
65.2030	-8.9142	0.8613	1.4563
65.2360	-8.9129	0.8722	1.4563
65.2700	-8.9079	0.9160	1.4563
65.3030	-8.9029	0.9597	1.4563
65.3700	-8.8978	1.0035	1.4563
65.4030	-8.8915	1.0582	1.4563
65.4700	-8.8852	1.1129	1.4563
65.5020	-8.8789	1.1676	1.4563
65.5320	-8.8777	1.1785	1.4563
65.5690	-8.8727	1.2223	1.4563
65.6370	-8.8664	1.2769	1.4563
65.7020	-8.8588	1.3426	1.4563
65.7320	-8.8525	1.3973	1.4563
65.7700	-8.8500	1.4191	1.4563
65.8030	-8.8462	1.4519	1.4563
65.8700	-8.8399	1.5066	1.4563
65.9030	-8.8337	1.5613	1.4563
65.9360	-8.8324	1.5722	1.4563
65.9680	-8.8274	1.6160	1.4563
66.0040	-8.8223	1.6597	1.4563
66.0690	-8.8173	1.7034	1.4563
66.0970	-8.8110	1.7581	1.4563
66.1680	-8.8035	1.8237	1.4563
66.2360	-8.7959	1.8893	1.4563
66.2670	-8.7947	1.9003	1.4563
66.3010	-8.7884	1.9549	1.4563
66.3710	-8.7821	2.0096	1.4563
66.4010	-8.7771	2.0533	1.4563
66.4340	-8.7746	2.0752	1.4563
66.4660	-8.7695	2.1189	1.4563
66.5350	-8.7620	2.1845	1.4563
66.6030	-8.7532	2.2610	1.4563
66.6700	-8.7482	2.3048	1.4564
66.7370	-8.7419	2.3594	1.4564
66.7700	-8.7344	2.4250	1.4564
66.8380	-8.7293	2.4688	1.4564
66.8700	-8.7230	2.5234	1.4564
66.9340	-8.7168	2.5781	1.4564
67.0030	-8.7105	2.6327	1.4564
67.0370	-8.7042	2.6874	1.4564
67.1030	-8.6992	2.7311	1.4564
67.1380	-8.6942	2.7748	1.4564
67.1700	-8.6891	2.8186	1.4564
67.2330	-8.6829	2.8732	1.4564
67.2710	-8.6778	2.9169	1.4564
67.2970	-8.6753	2.9388	1.4564
67.3690	-8.6690	2.9934	1.4564
67.4030	-8.6628	3.0481	1.4564
67.4700	-8.6552	3.1137	1.4564
67.5370	-8.6502	3.1574	1.4564
67.5700	-8.6439	3.2121	1.4564
67.6360	-8.6376	3.2667	1.4564
67.6690	-8.6314	3.3214	1.4564
67.7030	-8.6301	3.3323	1.4564
67.7370	-8.6263	3.3651	1.4564
67.7700	-8.6213	3.4088	1.4564
67.8370	-8.6163	3.4525	1.4564
67.8700	-8.6113	3.4962	1.4564
67.9020	-8.6063	3.5399	1.4564
67.9680	-8.6012	3.5837	1.4564
68.0010	-8.5950	3.6383	1.4564
68.0720	-8.5874	3.7039	1.4564
68.1380	-8.5824	3.7476	1.4564
68.1690	-8.5761	3.8023	1.4564
68.2380	-8.5686	3.8678	1.4564
68.2720	-8.5636	3.9115	1.4565
68.3370	-8.5586	3.9553	1.4565
68.3710	-8.5535	3.9990	1.4565
68.4380	-8.5473	4.0536	1.4565
68.4710	-8.5410	4.1083	1.4565
68.5370	-8.5347	4.1629	1.4565
68.6010	-8.5272	4.2285	1.4565
68.6670	-8.5209	4.2831	1.4565
68.7030	-8.5146	4.3378	1.4565
68.7670	-8.5084	4.3924	1.4565
68.8350	-8.5008	4.4580	1.4565
68.8650	-8.4958	4.5017	1.4565
68.9040	-8.4933	4.5236	1.4565
68.9360	-8.4870	4.5782	1.4565
69.0000	-8.4807	4.6329	1.4565
69.0710	-8.4745	4.6875	1.4565
69.1030	-8.4682	4.7422	1.4565
69.1320	-8.4669	4.7531	1.4565
69.1680	-8.4619	4.7968	1.4565
69.2360	-8.4556	4.8514	1.4565
69.3040	-8.4481	4.9170	1.4565
69.3350	-8.4418	4.9717	1.4565
69.3690	-8.4393	4.9935	1.4564
69.4360	-8.4343	5.0372	1.4564
69.4700	-8.4268	5.1028	1.4564
69.5260	-8.4205	5.1575	1.4565
69.5660	-8.4193	5.1684	1.4565
69.5960	-8.4117	5.2340	1.4565
69.6670	-8.4042	5.2995	1.4565
69.7370	-8.3967	5.3651	1.4565
69.7700	-8.3954	5.3760	1.4565
69.8040	-8.3904	5.4197	1.4565
69.8680	-8.3841	5.4744	1.4565
69.9030	-8.3766	5.5400	1.4565
69.9690	-8.3728	5.5727	1.4565
70.0040	-8.3678	5.6164	1.4565
70.0370	-8.3615	5.6711	1.4565
70.1020	-8.3540	5.7367	1.4565
70.1720	-8.3490	5.7804	1.4565
70.2360	-8.3427	5.8350	1.4565
70.2690	-8.3364	5.8897	1.4565
70.3350	-8.3289	5.9552	1.4565
70.4020	-8.3239	5.9989	1.4565
70.4350	-8.3176	6.0536	1.4565
70.5020	-8.3101	6.1192	1.4565
70.5670	-8.3013	6.1957	1.4565
70.6370	-8.2950	6.2503	1.4565
70.7040	-8.2888	6.3049	1.4565
70.7380	-8.2825	6.3596	1.4565
70.8000	-8.2762	6.4142	1.4565
70.8660	-8.2700	6.4689	1.4565
70.9350	-8.2637	6.5235	1.4565
70.9670	-8.2562	6.5891	1.4565
71.0350	-8.2474	6.6656	1.4566
71.1010	-8.2424	6.7093	1.4566
71.1700	-8.2348	6.7749	1.4566
71.2030	-8.2286	6.8295	1.4566
71.2380	-8.2273	6.8404	1.4566
71.2700	-8.2236	6.8732	1.4566
71.3030	-8.2185	6.9169	1.4566
71.3350	-8.2135	6.9606	1.4566
71.4030	-8.2073	7.0153	1.4566
71.4370	-8.2022	7.0590	1.4566
71.4690	-8.1997	7.0809	1.4566
71.5370	-8.1935	7.1355	1.4566
71.5670	-8.1872	7.1901	1.4566
71.6010	-8.1859	7.2011	1.4566
71.6370	-8.1809	7.2448	1.4566
71.6680	-8.1759	7.2885	1.4564
71.7350	-8.1694	7.3428	1.4538
71.8020	-8.1628	7.3968	1.4491
71.8690	-8.1545	7.4618	1.4416
71.9030	-8.1455	7.5279	1.4320
71.9370	-8.1440	7.5389	1.4303
71.9700	-8.1392	7.5721	1.4248
72.0370	-8.1307	7.6273	1.4148
72.0710	-8.1199	7.6929	1.4015
72.1350	-8.1143	7.7254	1.3947
72.1700	-8.1063	7.7688	1.3851
72.2020	-8.0979	7.8121	1.3751
72.2660	-8.0868	7.8660	1.3622
72.3020	-8.0751	7.9198	1.3506
72.3700	-8.0603	7.9835	1.3368
72.4350	-8.0500	8.0260	1.3274
72.4710	-8.0364	8.0792	1.3159
72.5340	-8.0250	8.1219	1.3069
72.6030	-8.0104	8.1749	1.2956
72.6370	-7.9951	8.2278	1.2844
72.7010	-7.9792	8.2805	1.2732
72.7360	-7.9627	8.3330	1.2620
72.8030	-7.9457	8.3852	1.2505
72.8710	-7.9245	8.4477	1.2366
72.9030	-7.9135	8.4789	1.2296
72.9370	-7.8986	8.5202	1.2203
73.0050	-7.8793	8.5718	1.2087
73.0690	-7.8595	8.6232	1.1970
73.1040	-7.8391	8.6743	1.1852
73.1690	-7.8180	8.7252	1.1735
73.2360	-7.7964	8.7759	1.1619
73.3020	-7.7697	8.8362	1.1477
73.3370	-7.7421	8.8962	1.1335
73.3690	-7.7374	8.9062	1.1311
73.4030	-7.7137	8.9558	1.1194
73.4690	-7.6844	9.0149	1.1052
73.5380	-7.6645	9.0541	1.0956
73.6030	-7.6390	9.1029	1.0836
73.6370	-7.6075	9.1611	1.0693
73.7030	-7.5862	9.1995	1.0597
73.7370	-7.5590	9.2473	1.0475
73.8020	-7.5368	9.2853	1.0379
73.8350	-7.5084	9.3327	1.0257
73.8960	-7.4796	9.3795	1.0136
73.9670	-7.4503	9.4259	1.0014
74.0020	-7.4204	9.4719	0.9892
74.0680	-7.3898	9.5177	0.9769
74.1030	-7.3587	9.5631	0.9649
74.1370	-7.3524	9.5722	0.9624
74.1700	-7.3334	9.5992	0.9551
74.2040	-7.3078	9.6351	0.9454
74.2700	-7.2753	9.6794	0.9331
74.3010	-7.2489	9.7146	0.9234
74.3310	-7.2356	9.7321	0.9185
74.3700	-7.2019	9.7756	0.9063
74.4360	-7.1608	9.8273	0.8917
74.5020	-7.1259	9.8699	0.8794
74.5710	-7.0906	9.9120	0.8671
74.6030	-7.0547	9.9537	0.8549
74.6370	-7.0474	9.9620	0.8525
74.6700	-7.0183	9.9950	0.8427
74.7370	-6.9888	10.0277	0.8328
74.7680	-6.9515	10.0682	0.8206
74.8030	-6.9289	10.0922	0.8133
74.8680	-6.8985	10.1240	0.8034
74.8950	-6.8600	10.1634	0.7910
74.9700	-6.8212	10.2021	0.7786
75.0030	-6.7817	10.2406	0.7663
75.0700	-6.7338	10.2859	0.7516
75.1360	-6.7016	10.3157	0.7416
75.1680	-6.6607	10.3526	0.7293
75.2350	-6.6111	10.3963	0.7144
75.2990	-6.5777	10.4249	0.7045
75.3690	-6.5271	10.4672	0.6896
75.4010	-6.4758	10.5088	0.6748
75.4680	-6.4499	10.5294	0.6674
75.5030	-6.4065	10.5631	0.6551
75.5700	-6.3626	10.5963	0.6427
75.6380	-6.3184	10.6290	0.6303
75.6700	-6.2737	10.6611	0.6180
75.7380	-6.2289	10.6925	0.6056
75.8030	-6.1833	10.7236	0.5932
75.8350	-6.1374	10.7541	0.5808
75.9030	-6.0912	10.7840	0.5685
75.9360	-6.0446	10.8133	0.5559
76.0000	-5.9883	10.8476	0.5408
76.0690	-5.9505	10.8701	0.5309
76.1030	-5.9029	10.8976	0.5185
76.1710	-5.8453	10.9298	0.5038
76.2020	-5.8164	10.9456	0.4963
76.2690	-5.7678	10.9715	0.4840
76.3350	-5.7189	10.9968	0.4716
76.3690	-5.6698	11.0214	0.4593
76.4370	-5.6104	11.0502	0.4445
76.5040	-5.5405	11.0826	0.4272
76.5680	-5.5003	11.1007	0.4173
76.6350	-5.4500	11.1226	0.4050
76.6700	-5.3993	11.1439	0.3926
76.7380	-5.3379	11.1687	0.3776
76.8020	-5.2661	11.1964	0.3604
76.8710	-5.2145	11.2154	0.3480
76.9040	-5.1731	11.2302	0.3382
76.9370	-5.1524	11.2374	0.3333
76.9690	-5.1108	11.2516	0.3236
77.0380	-5.0584	11.2688	0.3114
77.1040	-5.0059	11.2853	0.2991
77.1360	-4.9532	11.3011	0.2866
77.2040	-4.9004	11.3163	0.2742
77.2690	-4.8367	11.3337	0.2596
77.3030	-4.7942	11.3447	0.2498
77.3380	-4.7728	11.3501	0.2449
77.3720	-4.7408	11.3579	0.2377
77.4030	-4.6979	11.3681	0.2280
77.4690	-4.6551	11.3778	0.2183
77.5000	-4.6013	11.3893	0.2062
77.5700	-4.5473	11.4002	0.1938
77.6040	-4.4932	11.4105	0.1817
77.6680	-4.4282	11.4219	0.1671
77.7350	-4.3957	11.4272	0.1597
77.7670	-4.3413	11.4356	0.1476
77.8370	-4.2868	11.4433	0.1352
77.8690	-4.2325	11.4504	0.1246
77.9020	-4.2216	11.4518	0.1230
77.9360	-4.1775	11.4571	0.1171
77.9980	-4.1113	11.4647	0.1100
78.0660	-4.0456	11.4718	0.1048
78.1280	-3.9804	11.4785	0.1012
78.1710	-3.9695	11.4796	0.1008
78.2030	-3.9154	11.4850	0.0989
78.2710	-3.8614	11.4903	0.0978
78.3040	-3.8069	11.4957	0.0977
78.3730	-3.7522	11.5010	0.0976
78.4340	-3.6976	11.5064	0.0976
78.4690	-3.6429	11.5117	0.0975
78.5370	-3.5772	11.5182	0.0975
78.6030	-3.5116	11.5246	0.0975
78.6370	-3.4787	11.5278	0.0975
78.7030	-3.4240	11.5331	0.0974
78.7370	-3.3693	11.5385	0.0974
78.7690	-3.3584	11.5396	0.0974
78.8030	-3.3146	11.5438	0.0974
78.8670	-3.2599	11.5492	0.0973
78.9370	-3.1942	11.5556	0.0973
79.0030	-3.1176	11.5631	0.0973
79.0340	-3.0738	11.5673	0.0973
79.1020	-3.0191	11.5727	0.0973
79.1680	-2.9644	11.5780	0.0972
79.2360	-2.9097	11.5834	0.0972
79.2690	-2.8549	11.5887	0.0972
79.3030	-2.8111	11.5930	0.0972
79.3340	-2.7893	11.5951	0.0972
79.3670	-2.7455	11.5994	0.0972
79.4350	-2.7017	11.6036	0.0971
79.4700	-2.6470	11.6090	0.0971
79.5370	-2.5813	11.6154	0.0971
79.5690	-2.5485	11.6185	0.0971
79.6370	-2.4937	11.6239	0.0970
79.7010	-2.4390	11.6292	0.0970
79.7370	-2.3843	11.6345	0.0970
79.8010	-2.3295	11.6399	0.0970
79.8690	-2.2748	11.6452	0.0969
79.9030	-2.2201	11.6505	0.0969
79.9700	-2.1654	11.6558	0.0969
80.0010	-2.1106	11.6611	0.0969
80.0310	-2.0997	11.6622	0.0969
80.0690	-2.0559	11.6665	0.0968
80.1350	-2.0011	11.6718	0.0968
80.1690	-1.9464	11.6771	0.0968
80.2390	-1.8807	11.6835	0.0967
80.3040	-1.8150	11.6898	0.0967
80.3710	-1.7713	11.6941	0.0967
80.4040	-1.7165	11.6994	0.0967
80.4690	-1.6618	11.7047	0.0966
80.5370	-1.6071	11.7100	0.0966
80.5680	-1.5523	11.7153	0.0966
80.6020	-1.5414	11.7164	0.0966
80.6370	-1.4976	11.7206	0.0965
80.6710	-1.4538	11.7248	0.0965
80.7340	-1.4100	11.7291	0.0965
80.7700	-1.3662	11.7333	0.0965
80.8360	-1.3115	11.7386	0.0965
80.8680	-1.2567	11.7439	0.0964
80.9350	-1.2020	11.7492	0.0964
81.0040	-1.1472	11.7545	0.0964
81.0360	-1.0925	11.7598	0.0963
81.1030	-1.0378	11.7651	0.0963
81.1350	-0.9830	11.7704	0.0963
81.1690	-0.9721	11.7714	0.0963
81.2010	-0.9173	11.7767	0.0963
81.2710	-0.8516	11.7831	0.0962
81.3360	-0.8188	11.7862	0.0962
81.3690	-0.7531	11.7926	0.0962
81.4340	-0.6874	11.7989	0.0962
81.4710	-0.6765	11.8000	0.0961
81.5020	-0.6327	11.8042	0.0961
81.5700	-0.5779	11.8095	0.0961
81.6030	-0.5232	11.8147	0.0961
81.6360	-0.5122	11.8158	0.0961
81.6700	-0.4794	11.8189	0.0960
81.7020	-0.4356	11.8232	0.0960
81.7700	-0.3699	11.8295	0.0960
81.8390	-0.2933	11.8369	0.0960
81.9020	-0.2495	11.8411	0.0959
81.9720	-0.1838	11.8474	0.0959
82.0030	-0.1181	11.8537	0.0959
82.0370	-0.1071	11.8548	0.0959
82.0670	-0.0524	11.8600	0.0958
82.1380	0.0024	11.8653	0.0958
82.2050	0.0681	11.8716	0.0958
82.2670	0.1447	11.8790	0.0958
82.3370	0.1995	11.8842	0.0957
82.4030	0.2542	11.8895	0.0957
82.4380	0.3090	11.8948	0.0957
82.5050	0.3637	11.9000	0.0956
82.5710	0.4184	11.9053	0.0956
82.6020	0.4732	11.9105	0.0956
82.6680	0.5389	11.9168	0.0955
82.7370	0.5717	11.9200	0.0955
82.7680	0.6155	11.9241	0.0955
82.8020	0.6703	11.9294	0.0955
82.8700	0.7360	11.9357	0.0954
82.9030	0.7688	11.9388	0.0954
82.9700	0.8126	11.9430	0.0954
83.0000	0.8564	11.9472	0.0954
83.0620	0.9112	11.9524	0.0953
83.1010	0.9659	11.9577	0.0953
83.1700	1.0207	11.9629	0.0953
83.2370	1.0754	11.9681	0.0953
83.2640	1.1302	11.9734	0.0952
83.3020	1.1411	11.9744	0.0952
83.3360	1.1959	11.9797	0.0952
83.4010	1.2616	11.9859	0.0952
83.4680	1.3382	11.9932	0.0952
83.5390	1.3930	11.9985	0.0951
83.5700	1.4368	12.0026	0.0951
83.6030	1.4587	12.0047	0.0951
83.6370	1.5025	12.0089	0.0951
83.7030	1.5463	12.0131	0.0950
83.7380	1.5901	12.0173	0.0950
83.8020	1.6448	12.0225	0.0950
83.8340	1.6996	12.0277	0.0950
83.8680	1.7105	12.0287	0.0950
83.9350	1.7762	12.0350	0.0949
83.9650	1.8310	12.0402	0.0949
84.0020	1.8419	12.0413	0.0949
84.0370	1.8967	12.0465	0.0949
84.0700	1.9186	12.0486	0.0949
84.1020	1.9624	12.0527	0.0948
84.1360	1.9952	12.0558	0.0948
84.2000	2.0390	12.0600	0.0948
84.2720	2.1048	12.0663	0.0948
84.3000	2.1705	12.0725	0.0947
84.3710	2.2362	12.0787	0.0947
84.4030	2.2471	12.0798	0.0947
84.4370	2.2909	12.0839	0.0947
84.4710	2.3347	12.0881	0.0947
84.5330	2.3895	12.0933	0.0946
84.6030	2.4442	12.0985	0.0946
84.6370	2.4990	12.1037	0.0946
84.7030	2.5647	12.1099	0.0946
84.7330	2.5975	12.1130	0.0945
84.8020	2.6523	12.1182	0.0945
84.8680	2.7070	12.1234	0.0945
84.9020	2.7618	12.1286	0.0945
84.9680	2.8275	12.1348	0.0944
85.0390	2.8932	12.1411	0.0944
85.0720	2.9042	12.1421	0.0944
85.1010	2.9589	12.1473	0.0944
85.1700	3.0137	12.1525	0.0943
85.2350	3.0794	12.1587	0.0943
85.3030	3.1560	12.1659	0.0943
85.3680	3.1998	12.1701	0.0943
85.4020	3.2546	12.1752	0.0942
85.4700	3.3094	12.1804	0.0942
85.5030	3.3641	12.1856	0.0942
85.5640	3.4189	12.1908	0.0942
85.6340	3.4736	12.1959	0.0942
85.6700	3.5284	12.2011	0.0941
85.7020	3.5393	12.2021	0.0941
85.7700	3.5941	12.2073	0.0941
85.8030	3.6488	12.2125	0.0941
85.8350	3.6926	12.2166	0.0941
85.8700	3.7146	12.2187	0.0939
85.9010	3.7584	12.2226	0.0921
85.9710	3.8132	12.2274	0.0882
86.0350	3.8683	12.2320	0.0831
86.1010	3.9339	12.2371	0.0751
86.1330	3.9889	12.2409	0.0669
86.1700	4.0111	12.2423	0.0633
86.2000	4.0443	12.2443	0.0576
86.2680	4.1110	12.2477	0.0448
86.3030	4.1663	12.2498	0.0332
86.3370	4.1884	12.2505	0.0283
86.4020	4.2323	12.2515	0.0182
86.4380	4.2763	12.2520	0.0076
86.4680	4.3201	12.2521	-0.0019
86.5380	4.3750	12.2517	-0.0132
86.6030	4.4299	12.2506	-0.0252
86.6340	4.4848	12.2488	-0.0382
86.7030	4.5397	12.2463	-0.0518
86.7380	4.5947	12.2430	-0.0660
86.7700	4.6057	12.2423	-0.0688
86.8030	4.6499	12.2390	-0.0793
86.8360	4.6938	12.2352	-0.0891
86.9000	4.7375	12.2311	-0.0985
86.9370	4.7920	12.2254	-0.1100
87.0020	4.8570	12.2176	-0.1250
87.0700	4.9004	12.2119	-0.1350
87.1020	4.9436	12.2058	-0.1451
87.1370	4.9870	12.1992	-0.1553
87.2030	5.0307	12.1922	-0.1647
87.2360	5.0740	12.1848	-0.1734
87.3010	5.1280	12.1751	-0.1821
87.3690	5.1828	12.1648	-0.1895
87.4040	5.2488	12.1520	-0.1969
87.4650	5.3141	12.1388	-0.2014
87.5020	5.3248	12.1366	-0.2018
87.5370	5.3781	12.1256	-0.2028
87.6020	5.4309	12.1148	-0.2029
87.6330	5.4838	12.1039	-0.2029
87.6700	5.4945	12.1017	-0.2029
87.7040	5.5375	12.0928	-0.2029
87.7700	5.5806	12.0840	-0.2029
87.8000	5.6344	12.0729	-0.2030
87.8700	5.6990	12.0596	-0.2030
87.9020	5.7421	12.0507	-0.2030
87.9700	5.7960	12.0396	-0.2030
88.0010	5.8391	12.0308	-0.2030
88.0700	5.8930	12.0197	-0.2030
88.1360	5.9468	12.0086	-0.2031
88.1720	6.0007	11.9975	-0.2031
88.2370	6.0546	11.9864	-0.2031
88.3000	6.1084	11.9753	-0.2031
88.3370	6.1731	11.9620	-0.2031
88.4030	6.2054	11.9553	-0.2031
88.4370	6.2485	11.9465	-0.2032
88.5040	6.3024	11.9354	-0.2032
88.5330	6.3562	11.9243	-0.2032
88.6020	6.4101	11.9132	-0.2032
88.6360	6.4640	11.9021	-0.2032
88.7030	6.5178	11.8910	-0.2032
88.7360	6.5609	11.8821	-0.2032
88.7630	6.5825	11.8777	-0.2032
88.8370	6.6363	11.8666	-0.2033
88.8680	6.6902	11.8555	-0.2033
88.9030	6.7010	11.8532	-0.2033
88.9370	6.7333	11.8466	-0.2033
88.9670	6.7764	11.8377	-0.2033
89.0390	6.8302	11.8266	-0.2033
89.1040	6.8841	11.8155	-0.2033
89.1370	6.9487	11.8021	-0.2033
89.2000	7.0134	11.7888	-0.2034
89.2710	7.0565	11.7799	-0.2034
89.3030	7.1103	11.7688	-0.2034
89.3710	7.1642	11.7577	-0.2034
89.4010	7.2073	11.7488	-0.2034
89.4370	7.2288	11.7444	-0.2034
89.4710	7.2612	11.7377	-0.2035
89.5370	7.3150	11.7266	-0.2035
89.5700	7.3689	11.7155	-0.2035
89.6380	7.4335	11.7022	-0.2035
89.7000	7.4766	11.6933	-0.2035
89.7370	7.5305	11.6821	-0.2035
89.8030	7.5951	11.6688	-0.2035
89.8690	7.6490	11.6577	-0.2035
89.9030	7.7028	11.6466	-0.2035
89.9700	7.7459	11.6377	-0.2035
89.9990	7.7890	11.6288	-0.2036
90.0680	7.8537	11.6154	-0.2036
90.1360	7.9291	11.5999	-0.2036
90.2010	7.9722	11.5910	-0.2036
90.2670	8.0368	11.5776	-0.2037
90.3380	8.1118	11.5619	-0.2060
90.4030	8.1648	11.5506	-0.2106
90.4350	8.2180	11.5389	-0.2169
90.5010	8.2723	11.5266	-0.2248
90.5530	8.3373	11.5113	-0.2357
90.6370	8.4132	11.4924	-0.2503
90.7020	8.4561	11.4812	-0.2595
90.7370	8.4985	11.4697	-0.2691
90.8010	8.5515	11.4547	-0.2818
90.8350	8.6044	11.4390	-0.2949
90.9000	8.6569	11.4226	-0.3083
90.9690	8.7089	11.4057	-0.3208
91.0030	8.7607	11.3881	-0.3331
91.0370	8.7815	11.3808	-0.3379
91.0680	8.8228	11.3660	-0.3475
91.1380	8.8642	11.3508	-0.3569
91.1670	8.9156	11.3313	-0.3687
91.2370	8.9770	11.3070	-0.3829
91.3030	9.0482	11.2775	-0.3995
91.3680	9.0786	11.2646	-0.4066
91.4040	9.1291	11.2424	-0.4184
91.4710	9.1792	11.2198	-0.4302
91.5030	9.2291	11.1965	-0.4420
91.5680	9.2884	11.1678	-0.4565
91.6380	9.3378	11.1432	-0.4686
91.7020	9.3867	11.1180	-0.4806
91.7360	9.4450	11.0870	-0.4950
91.8030	9.4836	11.0659	-0.5047
91.8370	9.5221	11.0444	-0.5144
91.9020	9.5698	11.0170	-0.5266
91.9350	9.6171	10.9891	-0.5387
91.9700	9.6265	10.9834	-0.5412
92.0030	9.6641	10.9606	-0.5510
92.0690	9.7107	10.9315	-0.5633
92.1340	9.7572	10.9017	-0.5754
92.1700	9.8030	10.8715	-0.5877
92.2350	9.8579	10.8343	-0.6025
92.3050	9.9208	10.7902	-0.6196
92.3680	9.9653	10.7580	-0.6319
92.4360	10.0096	10.7251	-0.6441
92.4990	10.0534	10.6918	-0.6563
92.5370	10.1053	10.6511	-0.6711
92.6040	10.1566	10.6097	-0.6860
92.6370	10.1651	10.6027	-0.6885
92.6700	10.2075	10.5673	-0.7009
92.7370	10.2492	10.5317	-0.7134
92.8000	10.2989	10.4880	-0.7283
92.8690	10.3559	10.4361	-0.7456
92.9030	10.3880	10.4062	-0.7555
92.9670	10.4197	10.3760	-0.7654
93.0360	10.4592	10.3374	-0.7778
93.0690	10.4982	10.2985	-0.7902
93.1380	10.5366	10.2592	-0.8026
93.2000	10.5746	10.2194	-0.8149
93.2360	10.6194	10.1711	-0.8296
93.2970	10.6563	10.1302	-0.8420
93.3320	10.6636	10.1220	-0.8445
93.3700	10.6927	10.0889	-0.8544
93.4380	10.7285	10.0472	-0.8668
93.4640	10.7638	10.0050	-0.8792
93.5340	10.8055	9.9539	-0.8942
93.6000	10.8531	9.8934	-0.9117
93.6690	10.8732	9.8672	-0.9192
93.7030	10.9063	9.8231	-0.9315
93.7710	10.9452	9.7699	-0.9464
93.8360	10.9770	9.7251	-0.9587
93.8640	11.0084	9.6799	-0.9711
93.9350	11.0452	9.6250	-0.9859
94.0020	11.0812	9.5697	-1.0009
94.0690	11.1220	9.5046	-1.0185
94.1340	11.1506	9.4575	-1.0309
94.2030	11.1841	9.4005	-1.0456
94.2370	11.2060	9.3623	-1.0555
94.2700	11.2168	9.3432	-1.0604
94.3370	11.2380	9.3048	-1.0702
94.3710	11.2641	9.2563	-1.0827
94.4380	11.2846	9.2172	-1.0927
94.4700	11.3046	9.1781	-1.1026
94.5020	11.3291	9.1288	-1.1150
94.5700	11.3576	9.0693	-1.1298
94.6370	11.3716	9.0394	-1.1372
94.6710	11.3943	8.9894	-1.1496
94.7370	11.4209	8.9288	-1.1643
94.8030	11.4422	8.8782	-1.1766
94.8370	11.4630	8.8273	-1.1889
94.8690	11.4671	8.8171	-1.1914
94.9030	11.4792	8.7864	-1.1988
94.9380	11.4950	8.7453	-1.2087
94.9710	11.5103	8.7041	-1.2186
95.0350	11.5253	8.6627	-1.2285
95.0680	11.5434	8.6108	-1.2408
95.1360	11.5609	8.5586	-1.2530
95.1690	11.5777	8.5061	-1.2653
95.2380	11.5907	8.4642	-1.2751
95.3030	11.6064	8.4115	-1.2872
95.3360	11.6214	8.3585	-1.2997
95.4030	11.6386	8.2948	-1.3144
95.4380	11.6495	8.2522	-1.3243
95.5010	11.6600	8.2094	-1.3342
95.5690	11.6749	8.1451	-1.3490
95.6000	11.6867	8.0914	-1.3612
95.6370	11.6912	8.0699	-1.3659
95.6670	11.6999	8.0269	-1.3754
95.7380	11.7102	7.9728	-1.3877
95.8030	11.7217	7.9077	-1.4023
95.8370	11.7289	7.8643	-1.4120
95.9020	11.7356	7.8207	-1.4217
95.9290	11.7434	7.7664	-1.4341
96.0000	11.7505	7.7119	-1.4460
96.0400	11.7557	7.6682	-1.4555
96.0670	11.7582	7.6463	-1.4604
96.1070	11.7628	7.6024	-1.4705
96.1680	11.7680	7.5476	-1.4826
96.2030	11.7725	7.4930	-1.4941
96.2370	11.7733	7.4821	-1.4963
96.2680	11.7763	7.4380	-1.5060
96.3390	11.7789	7.3940	-1.5159
96.3690	11.7816	7.3392	-1.5274
96.4370	11.7836	7.2845	-1.5387
96.5010	11.7850	7.2296	-1.5497
96.5370	11.7858	7.1746	-1.5606
96.6020	11.7861	7.1198	-1.5714
96.6710	11.7857	7.0650	-1.5821
96.7020	11.7844	6.9989	-1.5965
96.7660	11.7834	6.9657	-1.6043
96.8040	11.7817	6.9216	-1.6151
96.8360	11.7788	6.8665	-1.6292
96.9030	11.7752	6.8116	-1.6435
96.9690	11.7698	6.7461	-1.6612
97.0020	11.7656	6.7022	-1.6724
97.0710	11.7583	6.6365	-1.6877
97.1360	11.7553	6.6120	-1.7022
97.1700	11.7552	6.6112	-1.7045
97.1940	11.7548	6.6081	-1.7129
97.2700	11.7543	6.6046	-1.7219
97.3030	11.7537	6.6007	-1.7305
97.3660	11.7534	6.5988	-1.7338
97.4050	11.7528	6.5951	-1.7384
97.4670	11.7522	6.5918	-1.7407
97.5000	11.7522	6.5916	-1.7408
97.5340	11.7523	6.5925	-1.7411
97.5990	11.7526	6.5942	-1.7412
97.6690	11.7528	6.5954	-1.7413
97.7340	11.7530	6.5965	-1.7414
97.8020	11.7531	6.5972	-1.7414
97.8370	11.7533	6.5979	-1.7415
97.9010	11.7534	6.5987	-1.7415
97.9700	11.7536	6.5997	-1.7416
98.0030	11.7537	6.6004	-1.7417
98.0360	11.7537	6.6006	-1.7417
98.0720	11.7539	6.6013	-1.7417
98.1360	11.7540	6.6020	-1.7418
98.1700	11.7541	6.6025	-1.7418
98.2030	11.7541	6.6027	-1.7418
98.2370	11.7542	6.6033	-1.7419
98.3030	11.7543	6.6039	-1.7419
98.3360	11.7544	6.6045	-1.7420
98.3690	11.7544	6.6046	-1.7420
98.4010	11.7545	6.6050	-1.7420
98.4690	11.7546	6.6054	-1.7421
98.5380	11.7547	6.6060	-1.7421
98.5690	11.7548	6.6066	-1.7422
98.6370	11.7548	6.6070	-1.7422
98.6700	11.7549	6.6074	-1.7423
98.7340	11.7550	6.6077	-1.7423
98.8020	11.7551	6.6082	-1.7424
98.8380	11.7551	6.6087	-1.7424
98.8680	11.7551	6.6088	-1.7424
98.9030	11.7552	6.6090	-1.7425
98.9360	11.7553	6.6094	-1.7425
99.0030	11.7553	6.6098	-1.7426
99.0700	11.7554	6.6100	-1.7426
99.1030	11.7554	6.6103	-1.7427
99.1700	11.7555	6.6107	-1.7427
99.2350	11.7555	6.6109	-1.7428
99.2680	11.7556	6.6113	-1.7428
99.3350	11.7556	6.6116	-1.7429
99.4020	11.7557	6.6119	-1.7430
99.4710	11.7557	6.6122	-1.7430
99.5370	11.7558	6.6124	-1.7431
99.5680	11.7558	6.6126	-1.7431
99.6370	11.7559	6.6129	-1.7432
99.6700	11.7559	6.6131	-1.7432
99.7370	11.7559	6.6133	-1.7432
99.8010	11.7560	6.6135	-1.7433
99.8360	11.7560	6.6136	-1.7433
99.8700	11.7560	6.6137	-1.7434
99.9370	11.7560	6.6139	-1.7434
99.9700	11.7561	6.6141	-1.7435
100.0370	11.7561	6.6142	-1.7435
100.1030	11.7561	6.6143	-1.7435
100.1320	11.7561	6.6144	-1.7436
100.1700	11.7562	6.6146	-1.7436
100.2030	11.7562	6.6147	-1.7436
100.2390	11.7562	6.6147	-1.7437
100.2700	11.7562	6.6148	-1.7437
100.3360	11.7562	6.6149	-1.7437
100.3700	11.7562	6.6150	-1.7438
100.4370	11.7563	6.6152	-1.7438
100.4690	11.7563	6.6153	-1.7439
100.5340	11.7563	6.6154	-1.7439
100.6040	11.7563	6.6155	-1.7440
100.6700	11.7563	6.6156	-1.7440
100.7360	11.7564	6.6157	-1.7441
100.7690	11.7564	6.6158	-1.7442
100.8380	11.7564	6.6159	-1.7442
100.8680	11.7564	6.6160	-1.7442
100.9010	11.7564	6.6160	-1.7442
100.9320	11.7564	6.6161	-1.7443
101.0010	11.7564	6.6162	-1.7443
101.0710	11.7564	6.6162	-1.7444
101.1370	11.7565	6.6163	-1.7444
101.1720	11.7565	6.6164	-1.7445
101.2350	11.7565	6.6164	-1.7445
101.2690	11.7565	6.6165	-1.7446
