t	x_ekf	y_ekf	th_ekf
-0.0000	0.0001	-2.0000	0.0003
0.0320	0.0001	-2.0000	0.0003
0.1010	0.0001	-2.0000	0.0003
0.1690	0.0001	-2.0000	0.0003
0.2320	0.0001	-2.0000	0.0003
0.2690	0.0000	-2.0000	0.0003
0.2990	0.0000	-2.0000	0.0003
0.3360	0.0001	-2.0000	0.0003
0.3980	0.0001	-2.0000	0.0003
0.4680	0.0001	-2.0000	0.0003
0.5370	0.0001	-2.0000	0.0003
0.5950	0.0001	-2.0000	0.0003
0.6330	0.0001	-2.0000	0.0003
0.6980	0.0001	-2.0000	0.0003
0.7370	0.0001	-2.0000	0.0003
0.7990	0.0001	-2.0000	0.0003
0.8680	0.0001	-2.0000	0.0003
0.9360	0.0001	-2.0000	0.0003
0.9980	0.0001	-2.0000	0.0003
1.0660	0.0001	-2.0000	0.0003
1.1000	0.0001	-2.0000	0.0003
1.1310	0.0001	-2.0000	0.0003
1.1990	0.0001	-2.0000	0.0003
1.2340	0.0001	-2.0000	0.0003
1.3000	0.0001	-2.0000	0.0003
1.3350	0.0001	-2.0000	0.0003
1.4000	0.0001	-2.0000	0.0003
1.4690	0.0001	-2.0000	0.0003
1.5010	0.0001	-2.0000	0.0003
1.5330	0.0001	-2.0000	0.0003
1.5670	0.0001	-2.0000	0.0003
1.6350	0.0001	-2.0000	0.0003
1.6680	0.0001	-2.0000	0.0002
1.7010	0.0001	-2.0000	0.0002
1.7330	0.0001	-2.0000	0.0002
1.7680	0.0001	-2.0000	0.0002
1.8330	0.0001	-2.0000	0.0003
1.8990	0.0001	-2.0000	0.0003
1.9680	0.0001	-2.0000	0.0003
2.0000	0.0001	-2.0000	0.0003
2.0350	0.0001	-2.0000	0.0003
2.0670	0.0206	-2.0000	0.0003
2.1320	0.0702	-2.0000	0.0004
2.2000	0.1301	-2.0000	0.0010
2.2330	0.1701	-1.9999	0.0022
2.2680	0.1902	-1.9999	0.0031
2.3010	0.2304	-1.9998	0.0056
2.3680	0.2808	-1.9995	0.0097
2.4370	0.3324	-1.9990	0.0147
2.4640	0.3863	-1.9981	0.0201
2.5350	0.4533	-1.9966	0.0269
2.5650	0.4875	-1.9957	0.0304
2.6350	0.5335	-1.9942	0.0348
2.6670	0.5909	-1.9921	0.0385
2.7340	0.6591	-1.9894	0.0412
2.7680	0.7041	-1.9875	0.0421
2.8350	0.7604	-1.9851	0.0427
2.8680	0.8055	-1.9832	0.0428
2.9010	0.8279	-1.9822	0.0427
2.9340	0.8728	-1.9803	0.0426
3.0000	0.9178	-1.9784	0.0426
3.0270	0.9630	-1.9765	0.0427
3.0680	0.9855	-1.9755	0.0427
3.1010	1.0081	-1.9746	0.0427
3.1360	1.0532	-1.9726	0.0427
3.1680	1.0983	-1.9707	0.0427
3.2000	1.1433	-1.9688	0.0427
3.2680	1.1883	-1.9669	0.0427
3.3020	1.2445	-1.9645	0.0427
3.3650	1.3006	-1.9621	0.0427
3.4340	1.3562	-1.9597	0.0427
3.4670	1.4116	-1.9573	0.0427
3.5320	1.4780	-1.9545	0.0427
3.6030	1.5332	-1.9521	0.0427
3.6680	1.5885	-1.9498	0.0427
3.7010	1.6548	-1.9469	0.0426
3.7690	1.6990	-1.9450	0.0426
3.8010	1.7432	-1.9432	0.0426
3.8340	1.7874	-1.9413	0.0426
3.8680	1.7984	-1.9408	0.0426
3.8990	1.8316	-1.9394	0.0426
3.9350	1.8757	-1.9375	0.0426
3.9990	1.9199	-1.9356	0.0426
4.0370	1.9751	-1.9333	0.0425
4.0680	2.0082	-1.9319	0.0425
4.1350	2.0634	-1.9295	0.0425
4.1650	2.1185	-1.9272	0.0425
4.2020	2.1296	-1.9267	0.0425
4.2360	2.1627	-1.9253	0.0425
4.2670	2.2178	-1.9230	0.0425
4.3340	2.2729	-1.9206	0.0424
4.4000	2.3391	-1.9178	0.0425
4.4650	2.4151	-1.9142	0.0464
4.5350	2.4588	-1.9120	0.0505
4.5680	2.5029	-1.9096	0.0555
4.6350	2.5587	-1.9062	0.0628
4.6660	2.6265	-1.9015	0.0736
4.7340	2.6716	-1.8980	0.0814
4.7680	2.7270	-1.8932	0.0906
4.8370	2.7821	-1.8879	0.1004
4.8980	2.8478	-1.8808	0.1127
4.9670	2.9242	-1.8715	0.1272
5.0330	2.9787	-1.8642	0.1378
5.1000	3.0328	-1.8564	0.1487
5.1650	3.0870	-1.8479	0.1600
5.2330	3.1519	-1.8369	0.1732
5.2610	3.2166	-1.8251	0.1866
5.3000	3.2273	-1.8231	0.1888
5.3370	3.2811	-1.8125	0.2001
5.3980	3.3349	-1.8012	0.2110
5.4680	3.3994	-1.7869	0.2243
5.5010	3.4316	-1.7794	0.2308
5.5670	3.4745	-1.7691	0.2394
5.6000	3.5278	-1.7558	0.2505
5.6670	3.5917	-1.7389	0.2640
5.7340	3.6659	-1.7181	0.2797
5.8010	3.7186	-1.7026	0.2909
5.8320	3.7608	-1.6898	0.3000
5.8670	3.7819	-1.6832	0.3044
5.9020	3.8238	-1.6698	0.3137
5.9690	3.8653	-1.6561	0.3231
6.0020	3.9173	-1.6383	0.3350
6.0680	3.9796	-1.6161	0.3488
6.1000	4.0209	-1.6008	0.3581
6.1360	4.0312	-1.5969	0.3605
6.1680	4.0723	-1.5812	0.3698
6.2330	4.1133	-1.5651	0.3791
6.2680	4.1543	-1.5485	0.3884
6.3320	4.2050	-1.5274	0.4003
6.3670	4.2657	-1.5011	0.4146
6.4360	4.3260	-1.4740	0.4289
6.4980	4.3860	-1.4460	0.4430
6.5680	4.4257	-1.4269	0.4524
6.5990	4.4653	-1.4074	0.4618
6.6670	4.5145	-1.3825	0.4736
6.7020	4.5633	-1.3571	0.4854
6.7670	4.6022	-1.3363	0.4950
6.8020	4.6408	-1.3152	0.5046
6.8650	4.6888	-1.2883	0.5166
6.9000	4.7366	-1.2607	0.5287
6.9670	4.7841	-1.2326	0.5397
7.0010	4.8312	-1.2041	0.5478
7.0690	4.8877	-1.1694	0.5554
7.1340	4.9251	-1.1461	0.5592
7.2020	4.9715	-1.1170	0.5627
7.2340	5.0272	-1.0818	0.5642
7.3010	5.0830	-1.0465	0.5643
7.3320	5.0923	-1.0406	0.5643
7.3680	5.1295	-1.0170	0.5643
7.4350	5.1759	-0.9876	0.5644
7.4670	5.2224	-0.9582	0.5644
7.5010	5.2317	-0.9523	0.5644
7.5340	5.2688	-0.9288	0.5644
7.5690	5.3060	-0.9053	0.5644
7.6330	5.3524	-0.8759	0.5644
7.7000	5.3989	-0.8465	0.5644
7.7670	5.4546	-0.8112	0.5645
7.7970	5.5011	-0.7818	0.5645
7.8330	5.5196	-0.7700	0.5645
7.8990	5.5661	-0.7406	0.5645
7.9350	5.6218	-0.7053	0.5645
7.9990	5.6590	-0.6818	0.5645
8.0360	5.6961	-0.6582	0.5645
8.1000	5.7333	-0.6347	0.5646
8.1350	5.7797	-0.6053	0.5646
8.1980	5.8262	-0.5759	0.5646
8.2360	5.8726	-0.5464	0.5646
8.3010	5.9191	-0.5170	0.5646
8.3690	5.9748	-0.4817	0.5647
8.4360	6.0120	-0.4582	0.5647
8.4690	6.0492	-0.4346	0.5647
8.5030	6.0863	-0.4111	0.5647
8.5690	6.1235	-0.3876	0.5647
8.6010	6.1699	-0.3581	0.5647
8.6360	6.2071	-0.3346	0.5648
8.6670	6.2257	-0.3228	0.5648
8.7010	6.2628	-0.2993	0.5648
8.7680	6.3093	-0.2698	0.5648
8.8340	6.3557	-0.2404	0.5648
8.8680	6.4022	-0.2110	0.5648
8.9340	6.4579	-0.1756	0.5648
8.9970	6.4951	-0.1521	0.5649
9.0340	6.5415	-0.1227	0.5649
9.0970	6.5972	-0.0874	0.5644
9.1690	6.6629	-0.0463	0.5585
9.2360	6.7095	-0.0174	0.5525
9.3010	6.7562	0.0111	0.5452
9.3310	6.8032	0.0393	0.5368
9.3990	6.8602	0.0728	0.5253
9.4650	6.9178	0.1057	0.5126
9.5000	6.9275	0.1111	0.5104
9.5300	6.9758	0.1377	0.4990
9.6010	7.0243	0.1638	0.4883
9.6670	7.0730	0.1893	0.4777
9.6940	7.1221	0.2143	0.4671
9.7350	7.1319	0.2193	0.4650
9.7680	7.1715	0.2389	0.4564
9.7980	7.2109	0.2580	0.4478
9.8680	7.2507	0.2769	0.4393
9.8950	7.3007	0.3000	0.4284
9.9650	7.3508	0.3226	0.4176
10.0310	7.4012	0.3446	0.4068
10.0660	7.4521	0.3661	0.3957
10.1360	7.5132	0.3911	0.3822
10.2000	7.5540	0.4073	0.3734
10.2340	7.6054	0.4270	0.3623
10.3010	7.6673	0.4500	0.3489
10.3320	7.7087	0.4648	0.3400
10.4010	7.7504	0.4793	0.3308
10.4340	7.7921	0.4934	0.3218
10.5010	7.8443	0.5105	0.3106
10.5340	7.8968	0.5270	0.2994
10.5670	7.9073	0.5302	0.2972
10.5980	7.9495	0.5429	0.2881
10.6680	8.0023	0.5582	0.2769
10.7020	8.0546	0.5732	0.2691
10.7340	8.0649	0.5760	0.2678
10.7680	8.1066	0.5876	0.2638
10.8350	8.1485	0.5991	0.2614
10.8680	8.1900	0.6103	0.2603
10.9010	8.2317	0.6215	0.2604
10.9350	8.2741	0.6330	0.2615
11.0000	8.3281	0.6477	0.2644
11.0650	8.3822	0.6627	0.2685
11.0990	8.4364	0.6779	0.2739
11.1690	8.4905	0.6934	0.2803
11.2340	8.5447	0.7093	0.2879
11.2680	8.6094	0.7290	0.2986
11.3340	8.6520	0.7423	0.3059
11.3990	8.7046	0.7592	0.3153
11.4340	8.7568	0.7766	0.3255
11.4980	8.8187	0.7980	0.3386
11.5350	8.8495	0.8090	0.3454
11.6010	8.9004	0.8276	0.3571
11.6350	8.9513	0.8470	0.3685
11.6670	8.9615	0.8509	0.3707
11.7000	8.9920	0.8629	0.3777
11.7360	9.0426	0.8834	0.3893
11.7980	9.1029	0.9086	0.4034
11.8680	9.1428	0.9259	0.4129
11.9320	9.1926	0.9481	0.4248
11.9670	9.2421	0.9709	0.4367
12.0340	9.3012	0.9991	0.4509
12.1020	9.3406	1.0184	0.4601
12.1350	9.3897	1.0431	0.4719
12.1990	9.4384	1.0684	0.4835
12.2340	9.4868	1.0941	0.4953
12.3010	9.5350	1.1206	0.5069
12.3360	9.5828	1.1476	0.5185
12.4010	9.6400	1.1807	0.5324
12.4680	9.6779	1.2033	0.5416
12.5360	9.7249	1.2320	0.5531
12.5670	9.7808	1.2671	0.5672
12.6350	9.8179	1.2910	0.5764
12.6680	9.8547	1.3152	0.5858
12.7350	9.9002	1.3459	0.5975
12.7650	9.9455	1.3771	0.6093
12.8340	9.9995	1.4154	0.6235
12.8990	10.0351	1.4413	0.6330
12.9670	10.0793	1.4742	0.6448
13.0330	10.1319	1.5144	0.6591
13.0660	10.1838	1.5552	0.6732
13.0980	10.1924	1.5621	0.6756
13.1330	10.2351	1.5968	0.6876
13.1980	10.2774	1.6320	0.6996
13.2350	10.3109	1.6605	0.7093
13.2660	10.3276	1.6749	0.7142
13.3010	10.3607	1.7039	0.7236
13.3660	10.3935	1.7328	0.7303
13.4020	10.4262	1.7619	0.7351
13.4670	10.4671	1.7987	0.7386
13.5000	10.5083	1.8359	0.7398
13.5700	10.5501	1.8738	0.7393
13.6350	10.5914	1.9111	0.7375
13.6680	10.6326	1.9482	0.7345
13.7010	10.6654	1.9776	0.7312
13.7350	10.6818	1.9922	0.7292
13.7680	10.7064	2.0141	0.7260
13.8330	10.7395	2.0432	0.7210
13.8680	10.7809	2.0793	0.7137
13.9350	10.8311	2.1222	0.7035
14.0000	10.8730	2.1574	0.6938
14.0340	10.9154	2.1923	0.6832
14.0670	10.9240	2.1992	0.6809
14.1010	10.9498	2.2200	0.6740
14.1360	10.9844	2.2473	0.6644
14.1990	11.0277	2.2808	0.6522
14.2330	11.0711	2.3135	0.6399
14.3000	11.1237	2.3520	0.6251
14.3670	11.1770	2.3898	0.6106
14.4000	11.1859	2.3961	0.6084
14.4310	11.2130	2.4148	0.6016
14.5000	11.2586	2.4456	0.5904
14.5320	11.3137	2.4820	0.5769
14.5990	11.3601	2.5118	0.5656
14.6680	11.4067	2.5410	0.5543
14.7010	11.4537	2.5697	0.5430
14.7670	11.5105	2.6033	0.5294
14.8340	11.5581	2.6308	0.5181
14.8690	11.6061	2.6578	0.5068
14.9320	11.6544	2.6842	0.4955
14.9680	11.6933	2.7050	0.4863
14.9960	11.7128	2.7152	0.4818
15.0680	11.7617	2.7404	0.4703
15.1010	11.8109	2.7650	0.4588
15.1340	11.8207	2.7698	0.4564
15.1670	11.8503	2.7842	0.4496
15.1990	11.8901	2.8032	0.4403
15.2660	11.9401	2.8263	0.4288
15.3000	11.9904	2.8489	0.4170
15.3350	12.0005	2.8534	0.4146
15.3680	12.0409	2.8709	0.4053
15.4340	12.1017	2.8965	0.3913
15.4990	12.1732	2.9252	0.3748
15.5350	12.2039	2.9372	0.3678
15.6010	12.2554	2.9566	0.3560
15.6330	12.3070	2.9754	0.3444
15.6680	12.3174	2.9791	0.3420
15.6980	12.3588	2.9937	0.3330
15.7680	12.4093	3.0113	0.3248
15.7980	12.4601	3.0286	0.3192
15.8330	12.4705	3.0320	0.3183
15.8670	12.5117	3.0457	0.3160
15.9340	12.5632	3.0627	0.3152
15.9990	12.6155	3.0800	0.3162
16.0330	12.6790	3.1012	0.3191
16.1020	12.7433	3.1229	0.3241
16.1320	12.7541	3.1265	0.3251
16.1680	12.7969	3.1411	0.3297
16.2010	12.8392	3.1558	0.3349
16.2680	12.8816	3.1708	0.3407
16.3010	12.9238	3.1859	0.3473
16.3340	12.9656	3.2013	0.3545
16.4020	13.0074	3.2170	0.3622
16.4310	13.0487	3.2328	0.3704
16.4670	13.0897	3.2490	0.3787
16.5330	13.1302	3.2653	0.3873
16.5670	13.1703	3.2819	0.3963
16.6000	13.2103	3.2989	0.4054
16.6640	13.2601	3.3206	0.4169
16.7350	13.3098	3.3430	0.4282
16.7620	13.3595	3.3660	0.4394
16.8410	13.4184	3.3943	0.4533
16.9000	13.4869	3.4284	0.4696
16.9680	13.5160	3.4433	0.4767
16.9990	13.5546	3.4635	0.4862
17.0340	13.6029	3.4894	0.4980
17.0990	13.6603	3.5212	0.5123
17.1670	13.6985	3.5429	0.5215
17.2350	13.7555	3.5763	0.5353
17.2670	13.8026	3.6046	0.5467
17.3000	13.8120	3.6103	0.5490
17.3360	13.8495	3.6335	0.5581
17.3650	13.8868	3.6571	0.5673
17.4350	13.9330	3.6870	0.5789
17.4670	13.9696	3.7111	0.5881
17.4990	13.9880	3.7234	0.5928
17.5350	14.0244	3.7483	0.6021
17.6000	14.0606	3.7734	0.6114
17.6350	14.0965	3.7988	0.6208
17.7010	14.1411	3.8312	0.6323
17.7330	14.1853	3.8640	0.6440
17.7930	14.2291	3.8973	0.6557
17.8350	14.2725	3.9312	0.6674
17.8680	14.2812	3.9380	0.6698
17.9010	14.3156	3.9655	0.6791
17.9660	14.3497	3.9934	0.6886
18.0010	14.3920	4.0286	0.7004
18.0680	14.4421	4.0716	0.7147
18.1010	14.4752	4.1006	0.7242
18.1670	14.5080	4.1300	0.7338
18.2360	14.5486	4.1671	0.7457
18.2670	14.5887	4.2046	0.7577
18.3340	14.6364	4.2504	0.7721
18.3660	14.6679	4.2814	0.7817
18.4310	14.7067	4.3204	0.7937
18.5010	14.7450	4.3599	0.8058
18.5670	14.7905	4.4080	0.8204
18.6010	14.8275	4.4483	0.8326
18.6330	14.8423	4.4646	0.8375
18.6680	14.8643	4.4893	0.8449
18.7350	14.9005	4.5306	0.8572
18.7680	14.9363	4.5725	0.8695
18.8350	14.9785	4.6233	0.8841
18.9000	15.0063	4.6575	0.8939
18.9330	15.0404	4.7005	0.9062
18.9990	15.0741	4.7442	0.9183
19.0360	15.1072	4.7882	0.9305
19.0690	15.1138	4.7970	0.9329
19.1020	15.1398	4.8325	0.9427
19.1330	15.1654	4.8682	0.9526
19.2000	15.1907	4.9041	0.9625
19.2350	15.2157	4.9404	0.9725
19.2660	15.2405	4.9770	0.9814
19.2980	15.2466	4.9862	0.9831
19.3330	15.2771	5.0316	0.9900
19.3990	15.3135	5.0867	0.9946
19.4680	15.3373	5.1232	0.9957
19.5010	15.3611	5.1597	0.9957
19.5340	15.3852	5.1965	0.9949
19.5990	15.4095	5.2337	0.9932
19.6350	15.4340	5.2709	0.9907
19.7020	15.4648	5.3174	0.9865
19.7350	15.4957	5.3636	0.9810
19.8010	15.5268	5.4097	0.9745
19.8670	15.5584	5.4557	0.9667
19.8990	15.5902	5.5012	0.9579
19.9340	15.5966	5.5103	0.9560
19.9660	15.6289	5.5555	0.9460
20.0360	15.6613	5.5999	0.9357
20.0990	15.7006	5.6524	0.9228
20.1330	15.7335	5.6954	0.9115
20.1680	15.7402	5.7040	0.9092
20.2000	15.7603	5.7296	0.9022
20.2350	15.7941	5.7718	0.8902
20.3010	15.8352	5.8218	0.8756
20.3690	15.8633	5.8551	0.8661
20.3980	15.8991	5.8966	0.8547
20.4690	15.9427	5.9461	0.8412
20.5350	15.9722	5.9787	0.8322
20.5660	16.0095	6.0192	0.8209
20.6330	16.0549	6.0672	0.8075
20.7020	16.0854	6.0988	0.7984
20.7370	16.1241	6.1380	0.7870
20.8000	16.1711	6.1844	0.7734
20.8340	16.1948	6.2075	0.7665
20.9000	16.2267	6.2378	0.7574
20.9350	16.2669	6.2754	0.7458
20.9950	16.3158	6.3198	0.7321
21.0670	16.3735	6.3707	0.7160
21.1360	16.4068	6.3994	0.7068
21.2000	16.4575	6.4424	0.6972
21.2680	16.5170	6.4919	0.6892
21.2990	16.5510	6.5198	0.6860
21.3690	16.5848	6.5474	0.6837
21.4000	16.6271	6.5818	0.6824
21.4670	16.6780	6.6232	0.6823
21.5360	16.7036	6.6440	0.6823
21.5650	16.7463	6.6786	0.6822
21.6330	16.7974	6.7202	0.6822
21.6970	16.8572	6.7687	0.6822
21.7670	16.8913	6.7965	0.6822
21.8300	16.9425	6.8381	0.6822
21.8690	16.9852	6.8727	0.6822
21.9000	17.0023	6.8866	0.6822
21.9670	17.0450	6.9213	0.6822
21.9980	17.0876	6.9559	0.6821
22.0340	17.0962	6.9629	0.6821
22.0690	17.1303	6.9906	0.6821
22.1340	17.1730	7.0253	0.6821
22.1680	17.2157	7.0599	0.6821
22.2340	17.2669	7.1015	0.6821
22.2680	17.2925	7.1223	0.6821
22.3320	17.3266	7.1500	0.6821
22.3680	17.3693	7.1847	0.6821
22.4340	17.4205	7.2263	0.6821
22.4980	17.4547	7.2540	0.6821
22.5350	17.4888	7.2818	0.6821
22.5690	17.5230	7.3095	0.6821
22.6360	17.5657	7.3442	0.6821
22.6680	17.6084	7.3788	0.6821
22.7340	17.6511	7.4135	0.6821
22.7980	17.6937	7.4482	0.6820
22.8690	17.7364	7.4828	0.6820
22.9020	17.7791	7.5175	0.6820
22.9690	17.8303	7.5591	0.6820
23.0320	17.8901	7.6076	0.6820
23.0990	17.9243	7.6353	0.6820
23.1350	17.9584	7.6631	0.6820
23.1990	18.0011	7.6977	0.6820
23.2330	18.0438	7.7324	0.6820
23.2660	18.0523	7.7393	0.6820
23.3000	18.0865	7.7671	0.6819
23.3660	18.1292	7.8017	0.6819
23.3980	18.1719	7.8364	0.6819
23.4670	18.2231	7.8780	0.6819
23.5360	18.2573	7.9057	0.6819
23.5650	18.3000	7.9404	0.6819
23.6340	18.3512	7.9820	0.6823
23.7020	18.4105	8.0307	0.6883
23.7660	18.4445	8.0589	0.6931
23.8320	18.4955	8.1017	0.7017
23.9000	18.5548	8.1525	0.7135
23.9690	18.5883	8.1818	0.7206
23.9970	18.6380	8.2260	0.7318
24.0640	18.6868	8.2704	0.7442
24.0970	18.6948	8.2778	0.7464
24.1340	18.7347	8.3152	0.7573
24.2000	18.7819	8.3604	0.7711
24.2690	18.8361	8.4141	0.7876
24.3310	18.8666	8.4450	0.7972
24.4020	18.9044	8.4842	0.8094
24.4340	18.9419	8.5241	0.8210
24.4670	18.9718	8.5565	0.8301
24.4990	18.9866	8.5728	0.8347
24.5340	19.0087	8.5973	0.8416
24.6000	19.0452	8.6387	0.8531
24.6350	19.0811	8.6803	0.8645
24.6670	19.0882	8.6887	0.8668
24.6980	19.1095	8.7140	0.8737
24.7340	19.1377	8.7480	0.8829
24.7990	19.1724	8.7907	0.8943
24.8640	19.2134	8.8426	0.9081
24.8890	19.2403	8.8774	0.9173
24.9340	19.2469	8.8861	0.9196
24.9680	19.2801	8.9302	0.9312
25.0350	19.3192	8.9836	0.9451
25.1010	19.3638	9.0466	0.9616
25.1700	19.3888	9.0828	0.9710
25.2030	19.4195	9.1283	0.9829
25.2660	19.4497	9.1743	0.9946
25.3350	19.4794	9.2206	1.0064
25.3660	19.5086	9.2674	1.0183
25.4340	19.5428	9.3239	1.0326
25.5020	19.5596	9.3523	1.0396
25.5350	19.5872	9.4000	1.0515
25.5660	19.6142	9.4480	1.0634
25.6000	19.6196	9.4577	1.0658
25.6630	19.6458	9.5059	1.0777
25.6990	19.6766	9.5643	1.0922
25.7650	19.7066	9.6233	1.1066
25.8000	19.7116	9.6332	1.1091
25.8330	19.7310	9.6727	1.1188
25.8670	19.7500	9.7124	1.1285
25.9340	19.7732	9.7623	1.1407
26.0020	19.7958	9.8123	1.1528
26.0330	19.8178	9.8628	1.1650
26.0620	19.8221	9.8729	1.1675
26.0970	19.8437	9.9234	1.1774
26.1680	19.8650	9.9744	1.1840
26.2330	19.8897	10.0343	1.1887
26.2990	19.9181	10.1041	1.1907
26.3680	19.9383	10.1541	1.1901
26.4020	19.9549	10.1952	1.1884
26.4320	19.9633	10.2159	1.1872
26.4680	19.9802	10.2574	1.1841
26.5340	19.9974	10.2990	1.1803
26.5650	20.0147	10.3406	1.1756
26.6350	20.0366	10.3924	1.1688
26.6680	20.0634	10.4543	1.1590
26.7370	20.0770	10.4852	1.1536
26.7700	20.0999	10.5360	1.1439
26.8340	20.1230	10.5860	1.1333
26.8670	20.1464	10.6353	1.1220
26.9010	20.1511	10.6451	1.1197
26.9330	20.1703	10.6843	1.1101
26.9670	20.1900	10.7233	1.1002
27.0350	20.2099	10.7620	1.0906
27.0680	20.2304	10.8007	1.0813
27.1350	20.2510	10.8390	1.0719
27.1660	20.2773	10.8865	1.0601
27.2320	20.3042	10.9338	1.0482
27.3020	20.3374	10.9905	1.0343
27.3680	20.3715	11.0469	1.0207
27.4010	20.4005	11.0936	1.0095
27.4350	20.4064	11.1029	1.0073
27.4660	20.4241	11.1307	1.0006
27.5010	20.4480	11.1676	0.9916
27.5330	20.4723	11.2043	0.9826
27.5980	20.4969	11.2408	0.9735
27.6360	20.5282	11.2862	0.9619
27.7010	20.5600	11.3311	0.9504
27.7330	20.5921	11.3755	0.9388
27.7670	20.5987	11.3845	0.9365
27.8010	20.6183	11.4110	0.9296
27.8340	20.6448	11.4461	0.9204
27.9000	20.6852	11.4984	0.9065
27.9640	20.7264	11.5501	0.8926
28.0330	20.7752	11.6097	0.8762
28.0960	20.8107	11.6517	0.8646
28.1630	20.8529	11.7014	0.8552
28.2340	20.9024	11.7589	0.8495
28.2980	20.9394	11.8013	0.8480
28.3660	20.9764	11.8436	0.8479
28.4000	21.0131	11.8856	0.8491
28.4650	21.0501	11.9279	0.8519
28.5360	21.0939	11.9786	0.8571
28.5680	21.1230	12.0125	0.8616
28.6340	21.1518	12.0463	0.8670
28.6680	21.1801	12.0799	0.8732
28.7360	21.2150	12.1220	0.8819
28.7680	21.2563	12.1728	0.8937
28.8340	21.2835	12.2070	0.9024
28.8670	21.3103	12.2413	0.9117
28.9340	21.3368	12.2758	0.9213
28.9680	21.3627	12.3103	0.9312
29.0320	21.3884	12.3453	0.9413
29.0700	21.4262	12.3980	0.9563
29.1350	21.4698	12.4610	0.9734
29.2010	21.4941	12.4971	0.9836
29.2310	21.5239	12.5427	0.9963
29.2990	21.5532	12.5886	1.0087
29.3340	21.5764	12.6258	1.0181
29.3680	21.5879	12.6445	1.0227
29.4010	21.6051	12.6729	1.0297
29.4670	21.6276	12.7108	1.0389
29.4980	21.6552	12.7584	1.0502
29.5700	21.6877	12.8161	1.0639
29.6010	21.7089	12.8547	1.0731
29.6340	21.7141	12.8644	1.0754
29.6670	21.7349	12.9033	1.0846
29.7360	21.7603	12.9521	1.0960
29.7660	21.7852	13.0013	1.1077
29.8350	21.8095	13.0508	1.1193
29.8680	21.8332	13.1004	1.1310
29.9000	21.8379	13.1104	1.1333
29.9350	21.8563	13.1505	1.1427
29.9680	21.8744	13.1906	1.1521
30.0350	21.8921	13.2309	1.1615
30.0680	21.9137	13.2817	1.1733
30.1330	21.9264	13.3121	1.1804
30.1670	21.9470	13.3632	1.1922
30.2330	21.9709	13.4247	1.2063
30.2990	21.9902	13.4763	1.2180
30.3330	22.0089	13.5281	1.2300
30.3960	22.0270	13.5802	1.2419
30.4670	22.0478	13.6428	1.2562
30.5310	22.0710	13.7163	1.2729
30.5960	22.0867	13.7689	1.2845
30.6670	22.1049	13.8325	1.2987
30.7300	22.1249	13.9069	1.3153
30.7960	22.1385	13.9603	1.3274
30.8630	22.1514	14.0138	1.3395
30.9290	22.1660	14.0783	1.3540
30.9660	22.1775	14.1321	1.3659
30.9960	22.1819	14.1536	1.3706
31.0330	22.1905	14.1967	1.3800
31.1010	22.2025	14.2617	1.3942
31.1680	22.2136	14.3269	1.4085
31.1990	22.2188	14.3595	1.4158
31.2690	22.2269	14.4140	1.4281
31.3010	22.2343	14.4685	1.4403
31.3340	22.2358	14.4794	1.4427
31.3690	22.2412	14.5233	1.4525
31.4340	22.2473	14.5778	1.4648
31.4680	22.2527	14.6325	1.4766
31.5010	22.2537	14.6435	1.4789
31.5350	22.2566	14.6764	1.4861
31.5670	22.2601	14.7203	1.4957
31.6360	22.2639	14.7753	1.5075
31.6670	22.2670	14.8303	1.5195
31.7000	22.2676	14.8413	1.5219
31.7360	22.2695	14.8854	1.5311
31.8010	22.2713	14.9406	1.5425
31.8350	22.2725	14.9959	1.5535
31.8670	22.2727	15.0070	1.5557
31.9010	22.2731	15.0401	1.5621
31.9350	22.2733	15.0841	1.5706
32.0010	22.2729	15.1392	1.5811
32.0350	22.2718	15.2050	1.5934
32.0680	22.2712	15.2270	1.5977
32.1350	22.2698	15.2712	1.6074
32.1680	22.2679	15.3153	1.6176
32.2340	22.2650	15.3702	1.6307
32.2620	22.2613	15.4251	1.6433
32.3010	22.2605	15.4361	1.6458
32.3340	22.2569	15.4800	1.6554
32.3680	22.2519	15.5346	1.6679
32.4350	22.2462	15.5892	1.6803
32.5020	22.2385	15.6545	1.6951
32.5320	22.2343	15.6872	1.7024
32.5690	22.2298	15.7199	1.7096
32.6330	22.2235	15.7635	1.7190
32.6660	22.2167	15.8072	1.7282
32.7010	22.2096	15.8507	1.7377
32.7690	22.2020	15.8940	1.7473
32.8020	22.1920	15.9479	1.7597
32.8350	22.1836	15.9909	1.7696
32.8680	22.1792	16.0124	1.7745
32.9330	22.1677	16.0660	1.7870
32.9670	22.1556	16.1196	1.7992
33.0340	22.1402	16.1834	1.8141
33.0970	22.1293	16.2260	1.8241
33.1350	22.1124	16.2893	1.8392
33.1950	22.0975	16.3419	1.8519
33.2360	22.0944	16.3525	1.8544
33.2680	22.0819	16.3946	1.8643
33.3000	22.0691	16.4362	1.8746
33.3690	22.0557	16.4781	1.8847
33.4030	22.0383	16.5305	1.8971
33.4650	22.0204	16.5823	1.9095
33.5010	22.0017	16.6342	1.9217
33.5670	21.9783	16.6964	1.9361
33.6350	21.9583	16.7478	1.9481
33.6690	21.9418	16.7888	1.9577
33.6980	21.9335	16.8091	1.9626
33.7690	21.9165	16.8496	1.9724
33.8010	21.8947	16.8998	1.9849
33.8690	21.8723	16.9498	1.9974
33.9020	21.8492	16.9998	2.0098
33.9340	21.8445	17.0098	2.0123
33.9670	21.8255	17.0495	2.0222
34.0010	21.8061	17.0889	2.0321
34.0680	21.7812	17.1381	2.0446
34.1340	21.7557	17.1869	2.0570
34.1670	21.7297	17.2354	2.0695
34.2360	21.6979	17.2933	2.0823
34.2610	21.6818	17.3221	2.0868
34.3320	21.6494	17.3796	2.0929
34.4000	21.6109	17.4474	2.0963
34.4670	21.5830	17.4959	2.0968
34.5350	21.5497	17.5539	2.0954
34.5670	21.5276	17.5923	2.0931
34.5970	21.5165	17.6116	2.0916
34.6660	21.4893	17.6596	2.0870
34.7340	21.4624	17.7074	2.0812
34.7660	21.4308	17.7648	2.0726
34.8330	21.3997	17.8221	2.0622
34.8680	21.3946	17.8317	2.0603
34.8990	21.3741	17.8705	2.0524
34.9670	21.3540	17.9095	2.0440
35.0030	21.3293	17.9585	2.0326
35.0680	21.3053	18.0074	2.0204
35.0990	21.2820	18.0567	2.0076
35.1690	21.2591	18.1066	1.9943
35.2340	21.2370	18.1565	1.9809
35.2680	21.2117	18.2160	1.9662
35.3010	21.2113	18.2169	1.9660
35.3280	21.1988	18.2472	1.9591
35.3700	21.1783	18.2983	1.9480
35.4290	21.1583	18.3495	1.9369
35.5010	21.1390	18.4009	1.9259
35.5350	21.1164	18.4630	1.9128
35.6010	21.1019	18.5045	1.9041
35.6330	21.0877	18.5462	1.8954
35.6970	21.0704	18.5985	1.8843
35.7610	21.0505	18.6615	1.8710
35.8330	21.0314	18.7248	1.8575
35.8680	21.0162	18.7777	1.8463
35.9010	21.0103	18.7988	1.8418
35.9690	20.9959	18.8520	1.8304
35.9980	20.9821	18.9053	1.8190
36.0710	20.9689	18.9587	1.8076
36.1320	20.9563	19.0123	1.7963
36.2010	20.9421	19.0768	1.7826
36.2340	20.9308	19.1306	1.7714
36.2640	20.9265	19.1522	1.7668
36.3330	20.9161	19.2063	1.7553
36.3660	20.9064	19.2604	1.7436
36.4330	20.8973	19.3146	1.7319
36.4980	20.8888	19.3691	1.7204
36.5690	20.8794	19.4344	1.7066
36.5990	20.8710	19.4997	1.6932
36.6670	20.8656	19.5427	1.6867
36.7330	20.8591	19.5967	1.6808
36.7690	20.8517	19.6612	1.6764
36.8360	20.8446	19.7257	1.6748
36.9020	20.8400	19.7685	1.6751
36.9330	20.8352	19.8123	1.6767
37.0000	20.8278	19.8788	1.6807
37.0690	20.8186	19.9571	1.6879
37.1310	20.8145	19.9906	1.6916
37.1670	20.8059	20.0576	1.7001
37.2300	20.7968	20.1242	1.7101
37.2980	20.7870	20.1906	1.7213
37.3330	20.7853	20.2017	1.7233
37.3640	20.7765	20.2568	1.7340
37.4310	20.7673	20.3108	1.7451
37.4680	20.7595	20.3539	1.7543
37.4990	20.7554	20.3754	1.7591
37.5340	20.7470	20.4183	1.7687
37.5990	20.7359	20.4718	1.7805
37.6350	20.7243	20.5248	1.7921
37.6670	20.7219	20.5354	1.7945
37.7010	20.7120	20.5779	1.8037
37.7650	20.7017	20.6204	1.8127
37.8320	20.6855	20.6839	1.8261
37.8680	20.6685	20.7473	1.8397
37.9040	20.6656	20.7578	1.8419
37.9360	20.6536	20.8001	1.8508
38.0000	20.6413	20.8422	1.8597
38.0310	20.6285	20.8843	1.8686
38.1000	20.6087	20.9471	1.8821
38.1200	20.6054	20.9575	1.8843
38.1650	20.5881	21.0095	1.8957
38.2340	20.5703	21.0613	1.9071
38.3000	20.5482	21.1232	1.9210
38.3670	20.5251	21.1847	1.9351
38.4000	20.5013	21.2459	1.9492
38.4650	20.4764	21.3070	1.9634
38.4990	20.4722	21.3172	1.9657
38.5320	20.4507	21.3679	1.9774
38.6010	20.4241	21.4284	1.9914
38.6670	20.3920	21.4985	2.0077
38.7340	20.3683	21.5483	2.0194
38.8000	20.3392	21.6076	2.0335
38.8650	20.3193	21.6469	2.0427
38.9000	20.2940	21.6958	2.0545
38.9680	20.2628	21.7540	2.0686
39.0330	20.2254	21.8214	2.0852
39.1000	20.1980	21.8692	2.0970
39.1680	20.1700	21.9166	2.1088
39.2350	20.1415	21.9636	2.1208
39.2680	20.1065	22.0198	2.1351
39.3360	20.0708	22.0752	2.1495
39.4000	20.0465	22.1120	2.1591
39.4670	20.0094	22.1667	2.1735
39.5320	19.9716	22.2206	2.1881
39.5640	19.9394	22.2653	2.2004
39.5970	19.9264	22.2831	2.2052
39.6310	19.9001	22.3185	2.2148
39.7340	19.8533	22.3796	2.2318
39.7650	19.8193	22.4227	2.2441
39.8000	19.8055	22.4399	2.2490
39.8650	19.7705	22.4827	2.2612
39.8960	19.7353	22.5248	2.2735
39.9720	19.6922	22.5748	2.2883
40.0300	19.6484	22.6242	2.3030
40.0990	19.6113	22.6649	2.3153
40.1540	19.5737	22.7052	2.3276
40.2000	19.5357	22.7449	2.3399
40.2680	19.4894	22.7920	2.3547
40.3360	19.4582	22.8230	2.3646
40.3660	19.4186	22.8613	2.3769
40.4010	19.3868	22.8915	2.3868
40.4350	19.3707	22.9066	2.3917
40.4670	19.3383	22.9364	2.4015
40.5350	19.2975	22.9732	2.4138
40.6020	19.2561	23.0095	2.4263
40.6310	19.2144	23.0453	2.4387
40.7000	19.1721	23.0807	2.4507
40.7670	19.1301	23.1156	2.4589
40.8350	19.0880	23.1500	2.4642
40.8670	19.0453	23.1846	2.4667
40.9340	19.0025	23.2190	2.4671
40.9660	18.9595	23.2537	2.4662
41.0350	18.9079	23.2956	2.4634
41.1010	18.8733	23.3236	2.4606
41.1330	18.8389	23.3517	2.4569
41.1670	18.8046	23.3800	2.4526
41.2350	18.7619	23.4154	2.4461
41.2710	18.7196	23.4512	2.4384
41.3350	18.6775	23.4872	2.4296
41.3960	18.6358	23.5236	2.4197
41.4680	18.5862	23.5679	2.4066
41.4990	18.5457	23.6050	2.3953
41.5350	18.5376	23.6124	2.3930
41.5660	18.5058	23.6423	2.3839
41.6380	18.4665	23.6799	2.3723
41.6680	18.4278	23.7179	2.3603
41.7350	18.3821	23.7640	2.3453
41.8010	18.3366	23.8111	2.3311
41.8350	18.3141	23.8350	2.3242
41.8980	18.2841	23.8673	2.3151
41.9670	18.2398	23.9161	2.3016
42.0030	18.1961	23.9656	2.2881
42.0340	18.1888	23.9739	2.2858
42.0660	18.1536	24.0149	2.2746
42.0980	18.1530	24.0157	2.2744
42.1300	18.1177	24.0579	2.2630
42.1930	18.0828	24.1004	2.2516
42.2590	18.0417	24.1520	2.2380
42.3320	18.0012	24.2042	2.2243
42.3920	17.9615	24.2569	2.2104
42.4660	17.9161	24.3190	2.1943
42.5000	17.8907	24.3546	2.1859
42.5660	17.8658	24.3897	2.1801
42.6010	17.8347	24.4339	2.1756
42.6680	17.8039	24.4783	2.1735
42.7020	17.7851	24.5055	2.1733
42.7670	17.7532	24.5514	2.1742
42.8010	17.7213	24.5972	2.1765
42.8350	17.7149	24.6064	2.1772
42.8680	17.6892	24.6431	2.1801
42.9360	17.6635	24.6797	2.1839
42.9660	17.6309	24.7254	2.1896
43.0340	17.5918	24.7796	2.1980
43.0680	17.5589	24.8246	2.2063
43.1010	17.5523	24.8335	2.2081
43.1340	17.5257	24.8691	2.2157
43.1990	17.4990	24.9043	2.2237
43.2670	17.4586	24.9563	2.2365
43.3300	17.4178	25.0075	2.2498
43.3690	17.3766	25.0578	2.2641
43.4000	17.3697	25.0660	2.2666
43.4340	17.3415	25.0994	2.2764
43.4650	17.3132	25.1323	2.2861
43.5350	17.2772	25.1732	2.2981
43.5670	17.2481	25.2055	2.3080
43.5980	17.2334	25.2216	2.3129
43.6670	17.2037	25.2537	2.3226
43.7010	17.1737	25.2855	2.3322
43.7330	17.1358	25.3247	2.3445
43.8010	17.0894	25.3715	2.3586
43.8670	17.0659	25.3947	2.3656
43.8990	17.0264	25.4330	2.3773
43.9350	16.9944	25.4633	2.3867
43.9660	16.9783	25.4784	2.3913
44.0010	16.9459	25.5083	2.4007
44.0670	16.9050	25.5452	2.4122
44.1330	16.8636	25.5817	2.4238
44.1980	16.8135	25.6248	2.4377
44.2340	16.7628	25.6672	2.4518
44.2700	16.7544	25.6741	2.4541
44.2990	16.7203	25.7018	2.4635
44.3680	16.6771	25.7361	2.4753
44.4000	16.6336	25.7699	2.4871
44.4320	16.6249	25.7766	2.4895
44.4670	16.5809	25.8097	2.5013
44.5340	16.5365	25.8423	2.5131
44.5990	16.4829	25.8807	2.5274
44.6630	16.4194	25.9245	2.5439
44.7350	16.3829	25.9491	2.5534
44.7640	16.3461	25.9734	2.5630
44.8340	16.2905	26.0091	2.5775
44.9000	16.2250	26.0497	2.5944
44.9660	16.1968	26.0667	2.6017
45.0000	16.1494	26.0947	2.6137
45.0680	16.0921	26.1275	2.6282
45.1010	16.0632	26.1436	2.6355
45.1680	16.0150	26.1699	2.6475
45.1970	15.9662	26.1958	2.6596
45.2640	15.9174	26.2209	2.6716
45.3330	15.8582	26.2504	2.6860
45.3650	15.8186	26.2695	2.6958
45.3990	15.7988	26.2789	2.7006
45.4340	15.7588	26.2975	2.7103
45.5000	15.7087	26.3202	2.7225
45.5680	15.6582	26.3423	2.7346
45.5990	15.6075	26.3637	2.7467
45.6680	15.5465	26.3886	2.7612
45.7010	15.5158	26.4007	2.7685
45.7340	15.4747	26.4166	2.7782
45.8010	15.4231	26.4358	2.7904
45.8680	15.3713	26.4544	2.8026
45.9350	15.3192	26.4723	2.8148
45.9680	15.2565	26.4930	2.8294
46.0020	15.2251	26.5030	2.8368
46.0640	15.1725	26.5192	2.8491
46.1320	15.1198	26.5346	2.8614
46.2010	15.0564	26.5529	2.8733
46.2330	15.0034	26.5676	2.8798
46.2680	14.9930	26.5704	2.8809
46.2940	14.9513	26.5817	2.8843
46.3350	14.8988	26.5957	2.8869
46.4010	14.8672	26.6040	2.8875
46.4340	14.8142	26.6180	2.8869
46.5030	14.7611	26.6320	2.8846
46.5330	14.7074	26.6464	2.8809
46.6020	14.6532	26.6611	2.8759
46.6660	14.5991	26.6762	2.8696
46.7340	14.5449	26.6916	2.8623
46.7640	14.4909	26.7074	2.8537
46.8320	14.4376	26.7235	2.8444
46.8990	14.3745	26.7433	2.8321
46.9340	14.3226	26.7602	2.8212
46.9660	14.3019	26.7671	2.8166
47.0350	14.2502	26.7849	2.8048
47.1000	14.1887	26.8070	2.7899
47.1330	14.1377	26.8261	2.7771
47.1680	14.1171	26.8340	2.7722
47.2360	14.0767	26.8499	2.7628
47.2640	14.0165	26.8744	2.7486
47.3340	13.9564	26.8999	2.7344
47.4010	13.8960	26.9265	2.7208
47.4670	13.8561	26.9446	2.7118
47.5010	13.8161	26.9631	2.7028
47.5660	13.7664	26.9868	2.6916
47.6020	13.7072	27.0160	2.6780
47.6650	13.6493	27.0455	2.6649
47.6990	13.6386	27.0510	2.6624
47.7620	13.5803	27.0818	2.6489
47.8260	13.5134	27.1179	2.6361
47.8980	13.4658	27.1441	2.6309
47.9670	13.4076	27.1764	2.6273
48.0310	13.3490	27.2091	2.6257
48.1000	13.2910	27.2416	2.6261
48.1340	13.2428	27.2686	2.6281
48.1670	13.2236	27.2794	2.6292
48.2350	13.1755	27.3061	2.6332
48.2670	13.1275	27.3326	2.6386
48.3340	13.0696	27.3640	2.6470
48.4020	13.0305	27.3849	2.6537
48.4370	12.9813	27.4106	2.6632
48.4980	12.9323	27.4357	2.6739
48.5680	12.8833	27.4600	2.6854
48.6000	12.8340	27.4839	2.6977
48.6340	12.7943	27.5025	2.7080
48.6660	12.7743	27.5117	2.7133
48.7350	12.7342	27.5297	2.7240
48.7660	12.6840	27.5515	2.7379
48.8340	12.6332	27.5728	2.7520
48.8970	12.5827	27.5931	2.7656
48.9330	12.5318	27.6128	2.7791
48.9990	12.4703	27.6355	2.7934
49.0630	12.4080	27.6576	2.8074
49.1330	12.3349	27.6823	2.8235
49.2010	12.2931	27.6958	2.8327
49.2690	12.2404	27.7123	2.8441
49.3020	12.1877	27.7280	2.8557
49.3660	12.1348	27.7433	2.8673
49.4350	12.0710	27.7606	2.8814
49.4660	12.0177	27.7745	2.8931
49.4990	12.0071	27.7772	2.8954
49.5400	11.9536	27.7902	2.9071
49.5990	11.9000	27.8027	2.9187
49.6350	11.8463	27.8145	2.9305
49.6680	11.8355	27.8168	2.9328
49.6970	11.7923	27.8257	2.9422
49.7660	11.7492	27.8342	2.9514
49.7990	11.7059	27.8423	2.9606
49.8350	11.6626	27.8500	2.9698
49.8990	11.6191	27.8573	2.9791
49.9350	11.5647	27.8658	2.9906
50.0010	11.5101	27.8738	3.0024
50.0350	11.4551	27.8813	3.0130
50.0700	11.4442	27.8828	3.0146
50.1000	11.4012	27.8884	3.0204
50.1680	11.3361	27.8966	3.0268
50.2330	11.2710	27.9044	3.0305
50.2670	11.2279	27.9093	3.0317
50.3360	11.1842	27.9143	3.0316
50.3980	11.1193	27.9218	3.0293
50.4320	11.0648	27.9282	3.0258
50.4670	11.0429	27.9308	3.0240
50.5370	10.9989	27.9361	3.0199
50.5600	10.9438	27.9431	3.0140
50.6350	10.8777	27.9521	3.0055
50.6980	10.8109	27.9616	2.9951
50.7670	10.7336	27.9737	2.9813
50.8340	10.6898	27.9810	2.9726
50.8670	10.6352	27.9906	2.9610
50.9270	10.5705	28.0030	2.9465
50.9990	10.4954	28.0185	2.9288
51.0680	10.4527	28.0280	2.9184
51.0980	10.4101	28.0379	2.9077
51.1660	10.3675	28.0483	2.8969
51.2290	10.3041	28.0648	2.8801
51.2680	10.2406	28.0823	2.8651
51.3350	10.1779	28.1006	2.8512
51.3650	10.1675	28.1037	2.8488
51.3980	10.1258	28.1165	2.8394
51.4690	10.0629	28.1367	2.8257
51.5360	10.0003	28.1576	2.8122
51.5680	9.9587	28.1721	2.8032
51.6340	9.9069	28.1907	2.7921
51.6990	9.8554	28.2098	2.7809
51.7330	9.8041	28.2295	2.7695
51.7660	9.7938	28.2336	2.7673
51.7960	9.7529	28.2499	2.7580
51.8680	9.7023	28.2703	2.7485
51.8980	9.6518	28.2911	2.7422
51.9650	9.5904	28.3167	2.7371
52.0350	9.5292	28.3425	2.7341
52.0680	9.4878	28.3602	2.7331
52.1350	9.4469	28.3778	2.7329
52.1680	9.4063	28.3952	2.7337
52.2320	9.3557	28.4168	2.7359
52.2970	9.3051	28.4383	2.7395
52.3360	9.2436	28.4640	2.7456
52.4020	9.1818	28.4894	2.7536
52.4690	9.1404	28.5061	2.7600
52.5270	9.0886	28.5265	2.7691
52.5660	9.0270	28.5501	2.7819
52.6320	8.9658	28.5726	2.7961
52.6660	8.9557	28.5762	2.7986
52.7000	8.9045	28.5941	2.8116
52.7650	8.8429	28.6146	2.8280
52.8350	8.8015	28.6278	2.8395
52.8670	8.7598	28.6405	2.8513
52.9370	8.7077	28.6556	2.8656
52.9660	8.6555	28.6700	2.8799
53.0330	8.6030	28.6836	2.8939
53.1000	8.5501	28.6967	2.9063
53.1340	8.4965	28.7091	2.9178
53.2000	8.4320	28.7233	2.9311
53.2340	8.3996	28.7301	2.9378
53.3010	8.3564	28.7388	2.9469
53.3300	8.3131	28.7471	2.9558
53.3990	8.2588	28.7570	2.9670
53.4320	8.2045	28.7662	2.9784
53.4990	8.1392	28.7765	2.9921
53.5660	8.0737	28.7858	3.0057
53.6280	8.0300	28.7915	3.0151
53.6650	7.9753	28.7981	3.0265
53.7000	7.9644	28.7994	3.0288
53.7350	7.8987	28.8063	3.0420
53.7680	7.8877	28.8074	3.0443
53.7980	7.8437	28.8115	3.0535
53.8640	7.7776	28.8168	3.0676
53.9340	7.7007	28.8218	3.0844
54.0000	7.6568	28.8241	3.0937
54.0670	7.5907	28.8268	3.1065
54.1020	7.5253	28.8294	3.1144
54.1690	7.4813	28.8307	3.1185
54.2350	7.4155	28.8326	3.1225
54.2680	7.3606	28.8338	3.1238
54.3010	7.3496	28.8340	3.1239
54.3350	7.3058	28.8349	3.1235
54.3680	7.2621	28.8359	3.1221
54.4360	7.2181	28.8369	3.1195
54.4680	7.1629	28.8384	3.1146
54.5300	7.1073	28.8401	3.1084
54.5970	7.0517	28.8423	3.1014
54.6630	6.9852	28.8454	3.0918
54.7310	6.9075	28.8498	3.0790
54.7990	6.8525	28.8536	3.0689
54.8340	6.7976	28.8579	3.0579
54.8990	6.7430	28.8628	3.0465
54.9680	6.6774	28.8696	3.0320
55.0020	6.6241	28.8758	3.0199
55.0310	6.6124	28.8773	3.0172
55.0990	6.5581	28.8845	3.0043
55.1360	6.4931	28.8940	2.9884
55.1990	6.4390	28.9027	2.9747
55.2670	6.3849	28.9123	2.9605
55.3330	6.3308	28.9226	2.9464
55.3990	6.2664	28.9357	2.9325
55.4290	6.2135	28.9467	2.9241
55.4660	6.1921	28.9514	2.9213
55.5320	6.1391	28.9630	2.9152
55.5660	6.0759	28.9772	2.9102
55.6320	6.0132	28.9917	2.9078
55.7010	5.9705	29.0017	2.9074
55.7350	5.9280	29.0116	2.9078
55.7960	5.8745	29.0241	2.9096
55.8350	5.8208	29.0365	2.9127
55.9010	5.7666	29.0489	2.9171
55.9670	5.7010	29.0634	2.9237
56.0340	5.6240	29.0798	2.9334
56.1010	5.5799	29.0889	2.9398
56.1310	5.5248	29.0998	2.9488
56.2010	5.4697	29.1102	2.9589
56.2320	5.4257	29.1182	2.9678
56.2670	5.4037	29.1220	2.9724
56.3330	5.3490	29.1309	2.9844
56.3670	5.2946	29.1392	2.9970
56.4350	5.2402	29.1467	3.0102
56.5020	5.1858	29.1535	3.0241
56.5320	5.1310	29.1595	3.0384
56.5660	5.0875	29.1638	3.0501
56.5970	5.0656	29.1657	3.0560
56.6680	5.0218	29.1692	3.0680
56.7010	4.9781	29.1721	3.0797
56.7330	4.9239	29.1751	3.0943
56.7990	4.8590	29.1776	3.1104
56.8650	4.8155	29.1787	3.1202
56.9350	4.7608	29.1795	3.1318
56.9660	4.7058	29.1797	-3.1403
57.0360	4.6507	29.1793	-3.1296
57.0660	4.5964	29.1788	-3.1219
57.0990	4.5856	29.1786	-3.1209
57.1300	4.5312	29.1777	-3.1159
57.1980	4.4651	29.1763	-3.1116
57.2630	4.3996	29.1746	-3.1096
57.3000	4.3886	29.1743	-3.1095
57.3330	4.3336	29.1728	-3.1096
57.3660	4.3009	29.1718	-3.1105
57.4010	4.2789	29.1711	-3.1113
57.4350	4.2460	29.1702	-3.1130
57.5020	4.1912	29.1689	-3.1169
57.5340	4.1360	29.1678	-3.1222
57.5990	4.0803	29.1670	-3.1286
57.6680	4.0245	29.1666	-3.1360
57.7000	3.9578	29.1666	3.1382
57.7650	3.9134	29.1670	3.1317
57.8010	3.8576	29.1678	3.1224
57.8660	3.8018	29.1692	3.1118
57.9340	3.7465	29.1712	3.1006
57.9680	3.6916	29.1738	3.0889
58.0350	3.6258	29.1778	3.0742
58.0990	3.5821	29.1810	3.0640
58.1660	3.5276	29.1857	3.0510
58.2010	3.4729	29.1910	3.0375
58.2660	3.4181	29.1972	3.0239
58.3350	3.3527	29.2055	3.0067
58.3670	3.2986	29.2132	2.9924
58.4000	3.2878	29.2149	2.9896
58.4330	3.2445	29.2218	2.9780
58.5010	3.1901	29.2312	2.9638
58.5350	3.1258	29.2430	2.9498
58.5990	3.0721	29.2532	2.9410
58.6320	3.0289	29.2619	2.9350
58.6990	2.9861	29.2707	2.9299
58.7350	2.9327	29.2820	2.9250
58.8000	2.8688	29.2957	2.9211
58.8670	2.8149	29.3075	2.9194
58.9330	2.7510	29.3216	2.9192
59.0010	2.6868	29.3357	2.9210
59.0660	2.6439	29.3452	2.9232
59.1000	2.5793	29.3591	2.9282
59.1680	2.5139	29.3728	2.9349
59.2010	2.5030	29.3751	2.9361
59.2350	2.4702	29.3818	2.9402
59.2680	2.4154	29.3926	2.9480
59.3360	2.3606	29.4030	2.9569
59.3680	2.3167	29.4110	2.9649
59.4340	2.2727	29.4186	2.9737
59.4960	2.2075	29.4292	2.9879
59.5330	2.1533	29.4372	3.0007
59.5660	2.1317	29.4402	3.0060
59.6020	2.0773	29.4472	3.0196
59.6670	2.0122	29.4546	3.0365
59.7350	1.9686	29.4589	3.0482
59.7690	1.9140	29.4636	3.0631
59.8340	1.8594	29.4675	3.0783
59.8990	1.8048	29.4705	3.0935
59.9670	1.7504	29.4728	3.1074
60.0010	1.6852	29.4744	3.1225
60.0670	1.6194	29.4752	3.1363
60.1330	1.5643	29.4751	-3.1358
60.1990	1.5094	29.4746	-3.1261
60.2650	1.4443	29.4739	-3.1191
60.3020	1.3895	29.4729	-3.1146
60.3380	1.3677	29.4723	-3.1132
60.4010	1.3129	29.4710	-3.1110
60.4350	1.2583	29.4695	-3.1103
60.4690	1.2474	29.4692	-3.1103
60.5000	1.2038	29.4680	-3.1112
60.5680	1.1489	29.4666	-3.1137
60.6000	1.0942	29.4653	-3.1174
60.6350	1.0832	29.4650	-3.1184
60.6680	1.0391	29.4642	-3.1226
60.7330	0.9834	29.4634	-3.1288
60.7690	0.9273	29.4630	-3.1359
60.8350	0.8717	29.4630	3.1400
60.8990	0.8163	29.4633	3.1326
60.9330	0.7491	29.4644	3.1214
61.0020	0.6821	29.4662	3.1088
61.0660	0.6378	29.4679	3.0998
61.1330	0.5828	29.4706	3.0882
61.1680	0.5169	29.4746	3.0735
61.2360	0.4514	29.4796	3.0581
61.2980	0.4076	29.4835	3.0476
61.3680	0.3532	29.4891	3.0341
61.4000	0.2987	29.4953	3.0204
61.4680	0.2335	29.5039	3.0035
61.5350	0.1685	29.5127	2.9878
61.5680	0.1258	29.5192	2.9799
61.6350	0.0827	29.5261	2.9734
61.6670	0.0287	29.5351	2.9663
61.7340	-0.0365	29.5463	2.9595
61.8000	-0.0906	29.5560	2.9554
61.8680	-0.1451	29.5660	2.9525
61.9010	-0.2101	29.5781	2.9506
61.9660	-0.2534	29.5863	2.9504
62.0010	-0.2965	29.5945	2.9510
62.0670	-0.3501	29.6046	2.9531
62.1010	-0.4045	29.6147	2.9565
62.1360	-0.4154	29.6167	2.9573
62.1680	-0.4594	29.6247	2.9610
62.2320	-0.5142	29.6344	2.9666
62.2680	-0.5691	29.6438	2.9735
62.3340	-0.6351	29.6545	2.9832
62.3980	-0.6902	29.6629	2.9928
62.4670	-0.7451	29.6708	3.0036
62.5350	-0.7998	29.6780	3.0155
62.5640	-0.8650	29.6857	3.0307
62.6330	-0.9084	29.6903	3.0414
62.7000	-0.9627	29.6954	3.0555
62.7360	-1.0170	29.6996	3.0702
62.7680	-1.0606	29.7025	3.0822
62.7990	-1.0825	29.7037	3.0883
62.8320	-1.1261	29.7058	3.1008
62.9000	-1.1914	29.7078	3.1192
62.9680	-1.2668	29.7087	3.1382
63.0350	-1.3103	29.7087	-3.1351
63.0660	-1.3539	29.7081	-3.1256
63.1310	-1.4088	29.7069	-3.1143
63.2000	-1.4750	29.7046	-3.1013
63.2350	-1.5302	29.7021	-3.0908
63.2690	-1.5523	29.7009	-3.0867
63.3320	-1.6073	29.6975	-3.0765
63.4000	-1.6623	29.6936	-3.0657
63.4370	-1.7170	29.6891	-3.0541
63.5010	-1.7719	29.6839	-3.0427
63.5340	-1.8266	29.6782	-3.0314
63.5980	-1.8922	29.6704	-3.0177
63.6680	-1.9250	29.6662	-3.0110
63.7000	-1.9796	29.6587	-2.9996
63.7350	-2.0232	29.6522	-2.9905
63.7660	-2.0449	29.6488	-2.9858
63.8030	-2.0884	29.6418	-2.9766
63.8660	-2.1428	29.6324	-2.9653
63.9330	-2.1970	29.6224	-2.9538
63.9680	-2.2617	29.6095	-2.9399
64.0340	-2.2940	29.6028	-2.9329
64.0660	-2.3369	29.5935	-2.9234
64.1340	-2.4014	29.5787	-2.9095
64.2000	-2.4761	29.5603	-2.8930
64.2640	-2.5187	29.5492	-2.8834
64.3010	-2.5823	29.5319	-2.8689
64.3680	-2.6453	29.5137	-2.8540
64.3980	-2.6558	29.5106	-2.8515
64.4350	-2.6975	29.4979	-2.8414
64.4990	-2.7502	29.4812	-2.8292
64.5650	-2.8024	29.4639	-2.8171
64.5970	-2.8544	29.4460	-2.8050
64.6630	-2.9061	29.4275	-2.7929
64.7280	-2.9682	29.4044	-2.7783
64.7970	-3.0297	29.3805	-2.7638
64.8330	-3.0808	29.3598	-2.7518
64.8660	-3.1011	29.3514	-2.7470
64.9320	-3.1417	29.3342	-2.7373
64.9650	-3.2022	29.3078	-2.7228
65.0340	-3.2722	29.2758	-2.7057
65.1000	-3.3219	29.2523	-2.6933
65.1640	-3.3812	29.2231	-2.6787
65.2340	-3.4499	29.1880	-2.6616
65.3000	-3.4985	29.1623	-2.6495
65.3690	-3.5565	29.1306	-2.6348
65.4370	-3.6044	29.1036	-2.6225
65.5010	-3.6520	29.0760	-2.6101
65.5320	-3.6993	29.0480	-2.5993
65.5990	-3.7460	29.0200	-2.5923
65.6340	-3.7930	28.9914	-2.5881
65.6680	-3.8024	28.9856	-2.5875
65.7020	-3.8307	28.9682	-2.5861
65.7330	-3.8686	28.9448	-2.5852
65.8010	-3.9166	28.9152	-2.5855
65.8340	-3.9639	28.8861	-2.5874
65.8690	-3.9735	28.8802	-2.5879
65.9010	-4.0116	28.8568	-2.5907
65.9670	-4.0587	28.8281	-2.5955
66.0010	-4.1055	28.8000	-2.6015
66.0350	-4.1148	28.7944	-2.6028
66.0640	-4.1428	28.7778	-2.6072
66.1010	-4.1897	28.7503	-2.6154
66.1690	-4.2369	28.7232	-2.6248
66.2330	-4.2850	28.6962	-2.6351
66.2690	-4.3430	28.6646	-2.6484
66.3350	-4.3817	28.6440	-2.6579
66.4000	-4.4306	28.6188	-2.6704
66.4320	-4.4798	28.5941	-2.6833
66.5000	-4.5390	28.5654	-2.6987
66.5650	-4.6075	28.5325	-2.7107
66.6320	-4.6467	28.5144	-2.7149
66.7000	-4.6952	28.4921	-2.7180
66.7340	-4.7539	28.4653	-2.7188
66.8350	-4.8140	28.4379	-2.7172
66.8650	-4.8741	28.4102	-2.7140
66.9330	-4.9350	28.3820	-2.7088
66.9680	-4.9451	28.3773	-2.7078
67.0000	-4.9956	28.3536	-2.7020
67.0680	-5.0562	28.3246	-2.6935
67.1350	-5.0963	28.3051	-2.6870
67.1620	-5.1362	28.2853	-2.6799
67.2350	-5.1761	28.2653	-2.6722
67.2650	-5.2251	28.2400	-2.6617
67.3000	-5.2741	28.2141	-2.6503
67.3350	-5.2838	28.2089	-2.6480
67.3680	-5.3220	28.1881	-2.6383
67.4310	-5.3698	28.1613	-2.6256
67.5010	-5.4174	28.1339	-2.6121
67.5340	-5.4643	28.1060	-2.5983
67.6020	-5.5108	28.0775	-2.5852
67.6340	-5.5569	28.0484	-2.5723
67.6650	-5.5660	28.0425	-2.5697
67.7310	-5.6117	28.0127	-2.5571
67.7690	-5.6573	27.9821	-2.5448
67.8330	-5.7117	27.9444	-2.5306
67.9000	-5.7743	27.8998	-2.5139
67.9670	-5.8099	27.8736	-2.5045
68.0010	-5.8540	27.8406	-2.4928
68.0680	-5.9063	27.8003	-2.4787
68.1330	-5.9323	27.7798	-2.4716
68.1500	-5.9667	27.7523	-2.4622
68.2360	-6.0263	27.7033	-2.4462
68.2990	-6.0853	27.6544	-2.4367
68.3670	-6.1187	27.6261	-2.4339
68.4350	-6.1609	27.5903	-2.4324
68.4590	-6.2121	27.5468	-2.4330
68.5310	-6.2631	27.5036	-2.4356
68.5650	-6.2715	27.4963	-2.4362
68.5940	-6.3138	27.4607	-2.4400
68.6630	-6.3645	27.4183	-2.4461
68.7350	-6.4243	27.3691	-2.4553
68.7980	-6.4585	27.3413	-2.4616
68.8310	-6.5013	27.3071	-2.4706
68.8970	-6.5445	27.2732	-2.4806
68.9670	-6.5969	27.2331	-2.4938
69.0340	-6.6585	27.1873	-2.5106
69.1010	-6.6939	27.1618	-2.5206
69.1350	-6.7294	27.1366	-2.5306
69.1980	-6.7742	27.1057	-2.5432
69.2340	-6.8192	27.0755	-2.5560
69.2980	-6.8649	27.0455	-2.5677
69.3690	-6.9113	27.0160	-2.5792
69.3980	-6.9580	26.9869	-2.5907
69.4690	-7.0051	26.9584	-2.6020
69.4990	-7.0428	26.9361	-2.6108
69.5350	-7.0616	26.9250	-2.6142
69.5650	-7.0994	26.9029	-2.6191
69.6340	-7.1461	26.8757	-2.6228
69.6960	-7.1930	26.8488	-2.6240
69.7640	-7.2504	26.8157	-2.6231
69.8020	-7.3083	26.7822	-2.6201
69.8670	-7.3664	26.7484	-2.6153
69.9350	-7.4146	26.7200	-2.6100
69.9990	-7.4628	26.6913	-2.6034
70.0620	-7.5107	26.6623	-2.5957
70.1010	-7.5678	26.6271	-2.5851
70.1640	-7.6242	26.5915	-2.5740
70.2350	-7.6518	26.5738	-2.5681
70.2670	-7.6977	26.5438	-2.5573
70.2990	-7.7339	26.5196	-2.5482
70.3310	-7.7519	26.5074	-2.5435
70.4030	-7.7963	26.4766	-2.5312
70.4670	-7.8494	26.4389	-2.5165
70.5000	-7.8932	26.4068	-2.5041
70.5340	-7.9020	26.4003	-2.5016
70.5670	-7.9367	26.3742	-2.4916
70.6000	-7.9713	26.3476	-2.4818
70.6350	-8.0056	26.3206	-2.4720
70.7000	-8.0397	26.2934	-2.4623
70.7610	-8.0819	26.2589	-2.4499
70.8010	-8.1237	26.2237	-2.4377
70.8670	-8.1654	26.1879	-2.4258
70.9350	-8.2070	26.1516	-2.4160
70.9700	-8.2562	26.1083	-2.4090
71.0290	-8.2967	26.0721	-2.4063
71.1020	-8.3382	26.0348	-2.4057
71.1700	-8.3800	25.9973	-2.4067
71.1980	-8.4214	25.9602	-2.4091
71.2690	-8.4627	25.9235	-2.4127
71.3010	-8.5040	25.8869	-2.4175
71.3650	-8.5456	25.8505	-2.4234
71.4360	-8.5957	25.8073	-2.4321
71.5010	-8.6547	25.7574	-2.4443
71.5650	-8.6887	25.7292	-2.4523
71.6010	-8.7315	25.6943	-2.4631
71.6640	-8.7832	25.6532	-2.4771
71.7350	-8.8268	25.6196	-2.4896
71.7690	-8.8704	25.5868	-2.5026
71.8010	-8.8791	25.5803	-2.5052
71.8360	-8.9140	25.5548	-2.5158
71.9010	-8.9494	25.5296	-2.5262
71.9300	-8.9944	25.4982	-2.5381
72.0010	-9.0398	25.4673	-2.5498
72.0360	-9.0857	25.4369	-2.5615
72.0670	-9.0949	25.4309	-2.5638
72.1020	-9.1319	25.4070	-2.5730
72.1350	-9.1691	25.3835	-2.5821
72.2000	-9.2065	25.3604	-2.5913
72.2350	-9.2441	25.3375	-2.6005
72.3010	-9.2820	25.3150	-2.6097
72.3340	-9.3202	25.2927	-2.6184
72.3690	-9.3675	25.2653	-2.6254
72.4350	-9.4235	25.2332	-2.6301
72.5010	-9.4703	25.2068	-2.6314
72.5350	-9.5088	25.1851	-2.6310
72.5680	-9.5281	25.1742	-2.6305
72.6000	-9.5668	25.1523	-2.6288
72.6690	-9.6249	25.1191	-2.6247
72.7360	-9.6926	25.0800	-2.6178
72.8000	-9.7312	25.0575	-2.6128
72.8610	-9.7887	25.0234	-2.6041
72.9310	-9.8551	24.9831	-2.5917
72.9990	-9.9023	24.9538	-2.5816
73.0660	-9.9582	24.9182	-2.5683
73.1350	-10.0226	24.8758	-2.5521
73.1670	-10.0588	24.8513	-2.5428
73.2350	-10.0945	24.8267	-2.5333
73.2620	-10.1300	24.8017	-2.5234
73.3350	-10.1743	24.7698	-2.5114
73.4010	-10.2270	24.7307	-2.4972
73.4340	-10.2704	24.6977	-2.4851
73.4660	-10.2790	24.6910	-2.4827
73.4930	-10.3048	24.6709	-2.4755
73.5700	-10.3474	24.6369	-2.4632
73.5900	-10.3897	24.6024	-2.4510
73.6330	-10.3981	24.5954	-2.4486
73.7010	-10.4568	24.5458	-2.4323
73.7340	-10.4984	24.5096	-2.4205
73.7650	-10.5067	24.5023	-2.4182
73.7990	-10.5478	24.4655	-2.4065
73.8660	-10.5965	24.4208	-2.3925
73.9330	-10.6446	24.3754	-2.3789
74.0020	-10.6763	24.3453	-2.3726
74.0330	-10.7080	24.3147	-2.3684
74.1010	-10.7475	24.2764	-2.3656
74.1320	-10.7874	24.2376	-2.3651
74.1980	-10.8275	24.1985	-2.3662
74.2680	-10.8675	24.1597	-2.3685
74.3020	-10.9075	24.1210	-2.3721
74.3670	-10.9555	24.0751	-2.3780
74.4000	-10.9878	24.0444	-2.3829
74.4690	-11.0279	24.0068	-2.3900
74.5320	-11.0682	23.9695	-2.3983
74.5680	-11.1088	23.9326	-2.4077
74.6360	-11.1496	23.8962	-2.4181
74.7010	-11.1908	23.8603	-2.4294
74.7340	-11.2323	23.8249	-2.4415
74.7670	-11.2406	23.8179	-2.4441
74.8010	-11.2743	23.7900	-2.4543
74.8340	-11.3081	23.7626	-2.4644
74.8680	-11.3165	23.7558	-2.4669
74.9020	-11.3505	23.7289	-2.4771
74.9680	-11.3935	23.6957	-2.4894
74.9990	-11.4374	23.6626	-2.5011
75.0340	-11.4463	23.6560	-2.5034
75.0680	-11.4817	23.6300	-2.5127
75.1010	-11.5175	23.6043	-2.5219
75.1670	-11.5625	23.5726	-2.5333
75.2310	-11.6079	23.5414	-2.5448
75.3010	-11.6627	23.5047	-2.5585
75.3360	-11.7182	23.4688	-2.5723
75.4000	-11.7546	23.4453	-2.5793
75.4670	-11.8002	23.4164	-2.5850
75.5020	-11.8554	23.3818	-2.5882
75.5650	-11.9121	23.3464	-2.5879
75.6010	-11.9217	23.3405	-2.5877
75.6360	-11.9597	23.3167	-2.5861
75.6990	-12.0069	23.2871	-2.5832
75.7330	-12.0543	23.2572	-2.5789
75.7670	-12.0638	23.2512	-2.5779
75.8020	-12.1110	23.2210	-2.5722
75.8680	-12.1575	23.1909	-2.5654
75.9300	-12.2036	23.1606	-2.5575
75.9670	-12.2495	23.1299	-2.5485
76.0320	-12.3043	23.0924	-2.5364
76.1010	-12.3496	23.0607	-2.5257
76.1670	-12.3943	23.0286	-2.5148
76.2010	-12.4469	22.9899	-2.5009
76.2650	-12.4818	22.9636	-2.4916
76.2980	-12.5163	22.9371	-2.4820
76.3680	-12.5589	22.9036	-2.4698
76.3990	-12.6013	22.8695	-2.4573
76.4370	-12.6097	22.8626	-2.4548
76.4660	-12.6432	22.8348	-2.4447
76.5350	-12.6845	22.7997	-2.4320
76.5980	-12.7339	22.7567	-2.4169
76.6670	-12.7909	22.7053	-2.4000
76.6980	-12.8231	22.6755	-2.3905
76.7620	-12.8631	22.6376	-2.3788
76.8340	-12.9027	22.5993	-2.3671
76.8990	-12.9496	22.5526	-2.3531
76.9350	-12.9882	22.5134	-2.3414
76.9670	-12.9958	22.5054	-2.3391
76.9990	-13.0339	22.4656	-2.3274
77.0680	-13.0715	22.4252	-2.3157
77.1000	-13.0938	22.4009	-2.3087
77.1650	-13.1305	22.3599	-2.2970
77.2000	-13.1669	22.3184	-2.2853
77.2670	-13.2099	22.2681	-2.2711
77.3020	-13.2380	22.2344	-2.2615
77.3660	-13.2659	22.2003	-2.2519
77.4320	-13.3002	22.1574	-2.2399
77.4680	-13.3342	22.1138	-2.2280
77.5330	-13.3675	22.0700	-2.2158
77.6010	-13.4003	22.0259	-2.2038
77.6350	-13.4390	21.9722	-2.1892
77.7010	-13.4581	21.9451	-2.1819
77.7340	-13.4893	21.8999	-2.1697
77.8010	-13.5201	21.8542	-2.1577
77.8300	-13.5503	21.8082	-2.1455
77.8640	-13.5562	21.7990	-2.1431
77.9330	-13.5857	21.7526	-2.1308
77.9680	-13.6204	21.6962	-2.1163
78.0310	-13.6542	21.6395	-2.1015
78.1010	-13.6762	21.6015	-2.0916
78.1350	-13.7033	21.5535	-2.0795
78.2000	-13.7298	21.5052	-2.0671
78.2670	-13.7557	21.4567	-2.0547
78.2990	-13.7809	21.4079	-2.0425
78.3330	-13.7859	21.3981	-2.0401
78.3690	-13.8105	21.3487	-2.0278
78.4350	-13.8345	21.2991	-2.0156
78.4660	-13.8578	21.2493	-2.0034
78.5010	-13.8624	21.2394	-2.0010
78.5330	-13.8806	21.1992	-1.9912
78.5980	-13.8983	21.1590	-1.9814
78.6340	-13.9199	21.1084	-1.9692
78.6980	-13.9409	21.0575	-1.9570
78.7350	-13.9613	21.0063	-1.9448
78.8010	-13.9850	20.9447	-1.9302
78.8350	-13.9964	20.9138	-1.9229
78.8990	-14.0114	20.8723	-1.9131
78.9270	-14.0295	20.8203	-1.9008
79.0000	-14.0504	20.7577	-1.8861
79.0670	-14.0704	20.6948	-1.8714
79.1350	-14.0832	20.6527	-1.8617
79.1680	-14.0955	20.6105	-1.8520
79.2000	-14.1076	20.5681	-1.8422
79.2680	-14.1219	20.5151	-1.8299
79.3330	-14.1357	20.4617	-1.8176
79.3990	-14.1513	20.3976	-1.8032
79.4320	-14.1636	20.3439	-1.7909
79.4680	-14.1683	20.3224	-1.7860
79.5020	-14.1775	20.2793	-1.7762
79.5680	-14.1884	20.2255	-1.7638
79.6350	-14.1985	20.1714	-1.7516
79.6660	-14.2099	20.1063	-1.7368
79.7320	-14.2169	20.0628	-1.7271
79.8010	-14.2251	20.0084	-1.7146
79.8340	-14.2326	19.9540	-1.7025
79.8700	-14.2382	19.9102	-1.6929
79.9010	-14.2408	19.8884	-1.6880
79.9360	-14.2457	19.8446	-1.6783
79.9990	-14.2512	19.7899	-1.6661
80.0670	-14.2570	19.7241	-1.6515
80.1350	-14.2625	19.6472	-1.6345
80.1980	-14.2650	19.6032	-1.6248
80.2350	-14.2676	19.5481	-1.6130
80.3010	-14.2696	19.4930	-1.6014
80.3330	-14.2707	19.4488	-1.5925
80.3680	-14.2712	19.4267	-1.5881
80.4000	-14.2716	19.3935	-1.5815
80.4350	-14.2719	19.3494	-1.5729
80.4990	-14.2716	19.2943	-1.5623
80.5650	-14.2708	19.2393	-1.5518
80.6000	-14.2695	19.1843	-1.5411
80.6670	-14.2674	19.1289	-1.5287
80.7310	-14.2647	19.0737	-1.5164
80.7650	-14.2614	19.0190	-1.5035
80.8340	-14.2573	18.9642	-1.4910
80.8680	-14.2525	18.9096	-1.4783
80.9350	-14.2459	18.8441	-1.4633
81.0010	-14.2422	18.8112	-1.4562
81.0340	-14.2356	18.7567	-1.4440
81.0690	-14.2298	18.7133	-1.4339
81.1020	-14.2267	18.6915	-1.4289
81.1670	-14.2186	18.6371	-1.4167
81.2000	-14.2098	18.5831	-1.4041
81.2650	-14.1983	18.5183	-1.3890
81.3350	-14.1859	18.4539	-1.3738
81.3670	-14.1793	18.4216	-1.3664
81.4330	-14.1678	18.3678	-1.3543
81.4990	-14.1556	18.3143	-1.3420
81.5340	-14.1429	18.2611	-1.3294
81.5990	-14.1294	18.2079	-1.3171
81.6300	-14.1181	18.1655	-1.3072
81.6680	-14.1123	18.1442	-1.3022
81.7010	-14.1004	18.1018	-1.2924
81.7680	-14.0881	18.0596	-1.2825
81.8010	-14.0722	18.0073	-1.2698
81.8670	-14.0521	17.9445	-1.2546
81.9000	-14.0382	17.9028	-1.2447
81.9680	-14.0239	17.8613	-1.2345
81.9990	-14.0093	17.8201	-1.2242
82.0680	-13.9942	17.7790	-1.2140
82.1010	-13.9786	17.7378	-1.2041
82.1350	-13.9626	17.6969	-1.1939
82.1980	-13.9419	17.6458	-1.1816
82.2360	-13.9207	17.5950	-1.1692
82.3010	-13.8988	17.5445	-1.1568
82.3320	-13.8809	17.5042	-1.1469
82.3990	-13.8579	17.4542	-1.1345
82.4680	-13.8343	17.4046	-1.1221
82.5000	-13.8101	17.3551	-1.1096
82.5340	-13.8052	17.3453	-1.1071
82.5670	-13.7853	17.3060	-1.0972
82.6350	-13.7547	17.2475	-1.0822
82.6670	-13.7285	17.1990	-1.0697
82.7000	-13.7232	17.1894	-1.0672
82.7670	-13.6962	17.1412	-1.0547
82.8010	-13.6633	17.0842	-1.0398
82.8670	-13.6464	17.0558	-1.0322
82.8990	-13.6236	17.0180	-1.0222
82.9660	-13.5946	16.9714	-1.0095
83.0010	-13.5590	16.9157	-0.9945
83.0680	-13.5348	16.8790	-0.9844
83.0990	-13.5040	16.8333	-0.9719
83.1650	-13.4664	16.7791	-0.9568
83.2360	-13.4409	16.7434	-0.9467
83.3000	-13.4084	16.6989	-0.9340
83.3320	-13.3753	16.6548	-0.9215
83.3680	-13.3484	16.6198	-0.9114
83.4020	-13.3349	16.6024	-0.9064
83.4310	-13.3076	16.5680	-0.8964
83.5010	-13.2729	16.5252	-0.8839
83.5340	-13.2448	16.4914	-0.8739
83.5670	-13.2307	16.4745	-0.8688
83.6000	-13.2021	16.4410	-0.8591
83.6670	-13.1736	16.4079	-0.8521
83.7010	-13.1448	16.3749	-0.8472
83.7680	-13.1089	16.3340	-0.8435
83.8000	-13.0646	16.2839	-0.8419
83.8690	-13.0346	16.2500	-0.8422
83.9360	-12.9976	16.2082	-0.8439
83.9670	-12.9538	16.1585	-0.8475
84.0300	-12.9175	16.1169	-0.8519
84.0940	-12.8812	16.0751	-0.8574
84.1360	-12.8454	16.0333	-0.8642
84.1690	-12.8383	16.0250	-0.8657
84.2000	-12.8171	15.9998	-0.8704
84.2670	-12.7819	15.9577	-0.8793
84.3010	-12.7403	15.9068	-0.8912
84.3670	-12.7131	15.8728	-0.9000
84.4000	-12.6796	15.8300	-0.9116
84.4680	-12.6463	15.7865	-0.9238
84.5320	-12.6136	15.7426	-0.9364
84.5690	-12.5816	15.6985	-0.9491
84.6340	-12.5502	15.6540	-0.9611
84.7010	-12.5190	15.6089	-0.9725
84.7350	-12.4823	15.5541	-0.9859
84.8020	-12.4582	15.5173	-0.9948
84.8340	-12.4285	15.4709	-1.0058
84.8990	-12.3993	15.4243	-1.0169
84.9670	-12.3707	15.3773	-1.0279
84.9990	-12.3425	15.3300	-1.0390
85.0340	-12.3369	15.3205	-1.0412
85.0680	-12.3148	15.2824	-1.0503
85.1330	-12.2932	15.2441	-1.0595
85.1990	-12.2613	15.1863	-1.0731
85.2320	-12.2302	15.1281	-1.0868
85.2680	-12.2251	15.1183	-1.0891
85.3000	-12.2099	15.0890	-1.0959
85.3350	-12.1851	15.0410	-1.1041
85.4010	-12.1558	14.9835	-1.1099
85.4680	-12.1365	14.9447	-1.1117
85.5010	-12.1121	14.8958	-1.1117
85.5640	-12.0872	14.8462	-1.1103
85.6350	-12.0569	14.7859	-1.1066
85.7010	-12.0212	14.7159	-1.1001
85.7680	-12.0006	14.6758	-1.0953
85.7990	-11.9798	14.6359	-1.0897
85.8660	-11.9537	14.5866	-1.0818
85.9360	-11.9220	14.5280	-1.0709
85.9670	-11.8898	14.4700	-1.0590
86.0000	-11.8844	14.4603	-1.0570
86.0680	-11.8626	14.4221	-1.0485
86.0990	-11.8295	14.3656	-1.0352
86.1680	-11.7958	14.3097	-1.0213
86.2020	-11.7729	14.2727	-1.0120
86.2680	-11.7437	14.2267	-1.0001
86.3340	-11.7080	14.1722	-0.9856
86.3630	-11.6839	14.1361	-0.9757
86.4300	-11.6531	14.0913	-0.9634
86.4970	-11.6154	14.0379	-0.9488
86.5670	-11.5703	13.9762	-0.9316
86.6350	-11.5440	13.9412	-0.9220
86.6640	-11.5105	13.8977	-0.9103
86.7360	-11.4833	13.8630	-0.9010
86.7690	-11.4488	13.8200	-0.8894
86.8360	-11.4209	13.7859	-0.8800
86.8600	-11.3855	13.7437	-0.8683
86.9350	-11.3425	13.6937	-0.8541
87.0010	-11.3134	13.6606	-0.8445
87.0350	-11.2839	13.6277	-0.8349
87.1000	-11.2467	13.5872	-0.8229
87.1340	-11.2013	13.5391	-0.8087
87.2000	-11.1707	13.5073	-0.7992
87.2330	-11.1398	13.4759	-0.7897
87.3000	-11.1008	13.4371	-0.7778
87.3340	-11.0614	13.3988	-0.7659
87.4010	-11.0134	13.3533	-0.7516
87.4690	-10.9891	13.3307	-0.7445
87.5010	-10.9565	13.3010	-0.7349
87.5680	-10.9074	13.2572	-0.7212
87.6320	-10.8503	13.2066	-0.7118
87.6680	-10.8171	13.1779	-0.7090
87.7340	-10.7837	13.1491	-0.7079
87.8010	-10.7335	13.1058	-0.7083
87.8340	-10.6917	13.0696	-0.7100
87.8680	-10.6749	13.0551	-0.7111
87.9340	-10.6331	13.0187	-0.7146
87.9670	-10.5913	12.9821	-0.7193
88.0350	-10.5499	12.9455	-0.7252
88.0680	-10.5084	12.9084	-0.7323
88.1010	-10.5002	12.9009	-0.7338
88.1330	-10.4674	12.8712	-0.7404
88.2020	-10.4268	12.8336	-0.7498
88.2680	-10.3867	12.7959	-0.7601
88.2990	-10.3470	12.7577	-0.7713
88.3320	-10.3391	12.7500	-0.7736
88.3690	-10.3001	12.7114	-0.7857
88.4310	-10.2618	12.6725	-0.7980
88.5000	-10.2165	12.6254	-0.8128
88.5660	-10.1648	12.5698	-0.8304
88.6320	-10.1354	12.5372	-0.8397
88.6680	-10.0989	12.4961	-0.8511
88.7340	-10.0557	12.4460	-0.8647
88.7980	-10.0063	12.3870	-0.8808
88.8670	-9.9715	12.3443	-0.8921
88.9300	-9.9304	12.2926	-0.9059
89.0000	-9.8901	12.2404	-0.9197
89.0360	-9.8577	12.1973	-0.9309
89.0680	-9.8571	12.1965	-0.9311
89.1010	-9.8310	12.1610	-0.9402
89.1340	-9.8052	12.1253	-0.9493
89.2000	-9.7734	12.0804	-0.9607
89.2670	-9.7423	12.0353	-0.9722
89.3330	-9.7054	11.9802	-0.9863
89.3650	-9.6753	11.9341	-0.9979
89.4000	-9.6634	11.9155	-1.0027
89.4320	-9.6399	11.8783	-1.0121
89.5010	-9.6111	11.8316	-1.0238
89.5330	-9.5828	11.7854	-1.0320
89.5660	-9.5773	11.7762	-1.0333
89.6020	-9.5553	11.7394	-1.0372
89.6670	-9.5333	11.7024	-1.0395
89.6990	-9.4996	11.6456	-1.0401
89.7680	-9.4653	11.5879	-1.0383
89.8000	-9.4596	11.5782	-1.0378
89.8360	-9.4367	11.5397	-1.0354
89.8680	-9.4137	11.5014	-1.0322
89.9340	-9.3906	11.4631	-1.0283
90.0030	-9.3615	11.4153	-1.0223
90.0340	-9.3262	11.3585	-1.0135
90.0990	-9.2905	11.3019	-1.0030
90.1680	-9.2664	11.2646	-0.9953
90.2010	-9.2360	11.2183	-0.9849
90.2660	-9.2055	11.1730	-0.9741
90.3350	-9.1746	11.1280	-0.9628
90.3670	-9.1370	11.0749	-0.9487
90.4340	-9.1116	11.0399	-0.9391
90.4660	-9.0859	11.0050	-0.9295
90.5350	-9.0596	10.9702	-0.9198
90.5670	-9.0265	10.9274	-0.9074
90.6360	-8.9859	10.8763	-0.8926
90.6980	-8.9514	10.8340	-0.8805
90.7670	-8.9162	10.7919	-0.8688
90.8010	-8.8732	10.7419	-0.8549
90.8710	-8.8442	10.7089	-0.8456
90.9340	-8.8073	10.6677	-0.8341
90.9660	-8.7625	10.6191	-0.8202
91.0350	-8.7399	10.5951	-0.8133
91.0680	-8.7017	10.5552	-0.8018
91.1360	-8.6633	10.5160	-0.7903
91.1680	-8.6242	10.4770	-0.7787
91.2340	-8.5769	10.4310	-0.7648
91.2690	-8.5529	10.4082	-0.7578
91.3340	-8.5127	10.3706	-0.7463
91.4000	-8.4645	10.3257	-0.7373
91.4680	-8.4077	10.2738	-0.7322
91.5010	-8.3830	10.2515	-0.7317
91.5660	-8.3502	10.2218	-0.7320
91.6020	-8.3090	10.1845	-0.7335
91.6670	-8.2680	10.1472	-0.7362
91.7000	-8.2274	10.1100	-0.7402
91.7360	-8.2192	10.1025	-0.7411
91.7660	-8.1866	10.0724	-0.7453
91.8300	-8.1383	10.0273	-0.7531
91.9000	-8.0904	9.9818	-0.7625
91.9640	-8.0430	9.9360	-0.7735
92.0320	-7.9884	9.8818	-0.7881
92.0960	-7.9576	9.8505	-0.7973
92.1670	-7.9118	9.8029	-0.8119
92.2330	-7.8595	9.7467	-0.8299
92.2680	-7.8302	9.7143	-0.8401
92.3340	-7.8014	9.6818	-0.8505
92.3680	-7.7655	9.6405	-0.8605
92.4350	-7.7226	9.5902	-0.8691
92.4990	-7.6939	9.5563	-0.8735
92.5350	-7.6653	9.5220	-0.8769
92.5680	-7.6370	9.4878	-0.8791
92.6340	-7.6021	9.4457	-0.8805
92.6680	-7.5677	9.4039	-0.8808
92.6990	-7.5608	9.3956	-0.8808
92.7320	-7.5332	9.3622	-0.8808
92.8010	-7.4984	9.3200	-0.8808
92.8350	-7.4634	9.2776	-0.8808
92.8670	-7.4564	9.2691	-0.8808
92.9010	-7.4284	9.2352	-0.8808
92.9660	-7.4004	9.2013	-0.8808
93.0030	-7.3654	9.1589	-0.8808
93.0660	-7.3304	9.1165	-0.8808
93.1360	-7.2884	9.0655	-0.8808
93.1680	-7.2534	9.0231	-0.8808
93.2000	-7.2394	9.0062	-0.8808
93.2340	-7.2183	8.9807	-0.8808
93.2990	-7.1763	8.9298	-0.8808
93.3660	-7.1273	8.8704	-0.8808
93.4330	-7.0923	8.8280	-0.8808
93.5020	-7.0573	8.7856	-0.8808
93.5340	-7.0223	8.7432	-0.8808
93.5980	-6.9873	8.7008	-0.8808
93.6650	-6.9523	8.6583	-0.8808
93.7000	-6.9173	8.6159	-0.8808
93.7350	-6.9103	8.6074	-0.8808
93.7700	-6.8752	8.5650	-0.8808
93.8350	-6.8402	8.5226	-0.8808
93.8990	-6.7982	8.4717	-0.8808
93.9680	-6.7492	8.4123	-0.8808
93.9990	-6.7212	8.3784	-0.8808
94.0670	-6.6862	8.3360	-0.8808
94.1350	-6.6442	8.2851	-0.8808
94.1680	-6.6232	8.2596	-0.8808
94.2350	-6.5882	8.2172	-0.8808
94.2670	-6.5532	8.1748	-0.8808
94.3000	-6.5462	8.1663	-0.8808
94.3340	-6.5112	8.1239	-0.8808
94.4000	-6.4762	8.0815	-0.8808
94.4660	-6.4411	8.0390	-0.8808
94.5360	-6.3991	7.9881	-0.8808
94.6000	-6.3571	7.9372	-0.8808
94.6320	-6.3221	7.8948	-0.8808
94.6680	-6.3081	7.8779	-0.8808
94.7030	-6.2801	7.8439	-0.8808
94.7690	-6.2451	7.8015	-0.8808
94.8360	-6.2101	7.7591	-0.8808
94.8670	-6.1751	7.7167	-0.8808
94.9360	-6.1401	7.6742	-0.8808
94.9990	-6.1051	7.6318	-0.8808
95.0350	-6.0700	7.5894	-0.8808
95.1010	-6.0280	7.5385	-0.8808
95.1340	-6.0000	7.5046	-0.8808
95.2010	-5.9650	7.4622	-0.8808
95.2680	-5.9300	7.4197	-0.8808
95.3350	-5.8950	7.3773	-0.8808
95.3660	-5.8600	7.3349	-0.8808
95.4340	-5.8250	7.2925	-0.8808
95.4680	-5.7900	7.2501	-0.8808
95.5010	-5.7830	7.2416	-0.8808
95.5360	-5.7620	7.2161	-0.8808
95.5670	-5.7270	7.1737	-0.8808
95.6280	-5.6849	7.1228	-0.8808
95.7000	-5.6429	7.0719	-0.8808
95.7340	-5.6359	7.0634	-0.8808
95.7670	-5.6009	7.0210	-0.8808
95.8340	-5.5589	6.9701	-0.8808
95.9000	-5.5169	6.9192	-0.8808
95.9350	-5.4889	6.8852	-0.8808
95.9650	-5.4749	6.8683	-0.8808
96.0340	-5.4469	6.8344	-0.8808
96.0640	-5.4119	6.7919	-0.8808
96.1360	-5.3769	6.7495	-0.8808
96.2000	-5.3419	6.7071	-0.8808
96.2380	-5.3069	6.6647	-0.8808
96.2990	-5.2719	6.6223	-0.8808
96.3320	-5.2368	6.5798	-0.8808
96.3670	-5.2298	6.5713	-0.8808
96.4000	-5.1948	6.5289	-0.8808
96.4670	-5.1598	6.4865	-0.8808
96.5360	-5.1248	6.4441	-0.8808
96.5660	-5.0898	6.4017	-0.8808
96.6010	-5.0828	6.3932	-0.8808
96.6320	-5.0548	6.3592	-0.8808
96.7020	-5.0198	6.3168	-0.8808
96.7360	-4.9778	6.2659	-0.8809
96.8010	-4.9498	6.2320	-0.8809
96.8350	-4.9218	6.1981	-0.8808
96.8990	-4.8938	6.1641	-0.8808
96.9320	-4.8658	6.1302	-0.8808
96.9950	-4.8238	6.0793	-0.8808
97.0670	-4.7817	6.0284	-0.8808
97.1330	-4.7397	5.9775	-0.8808
97.2000	-4.6907	5.9181	-0.8808
97.2670	-4.6627	5.8841	-0.8808
97.3000	-4.6277	5.8417	-0.8808
97.3610	-4.5927	5.7993	-0.8808
97.4330	-4.5577	5.7569	-0.8808
97.4670	-4.5227	5.7145	-0.8808
97.5310	-4.4807	5.6636	-0.8808
97.5680	-4.4527	5.6296	-0.8808
97.6330	-4.4247	5.5957	-0.8808
97.6670	-4.3967	5.5618	-0.8808
97.7340	-4.3617	5.5193	-0.8808
97.7670	-4.3266	5.4769	-0.8808
97.8000	-4.3196	5.4684	-0.8808
97.8350	-4.2916	5.4345	-0.8808
97.8980	-4.2566	5.3921	-0.8808
97.9330	-4.2216	5.3497	-0.8808
97.9950	-4.1866	5.3072	-0.8808
98.0640	-4.1446	5.2563	-0.8808
98.1350	-4.0956	5.1970	-0.8808
98.1660	-4.0676	5.1630	-0.8808
98.2330	-4.0396	5.1291	-0.8808
98.2990	-3.9976	5.0782	-0.8808
98.3650	-3.9486	5.0188	-0.8808
98.4350	-3.9205	4.9848	-0.8808
98.4680	-3.8855	4.9424	-0.8809
98.4960	-3.8575	4.9085	-0.8812
98.5350	-3.8506	4.9000	-0.8818
98.5640	-3.8226	4.8659	-0.8852
98.6320	-3.7808	4.8142	-0.8923
98.7010	-3.7328	4.7537	-0.9028
98.7680	-3.7056	4.7190	-0.9099
98.7980	-3.6718	4.6750	-0.9197
98.8640	-3.6317	4.6216	-0.9326
98.9340	-3.6057	4.5862	-0.9417
98.9620	-3.5802	4.5507	-0.9510
99.0320	-3.5488	4.5061	-0.9632
99.0670	-3.5180	4.4613	-0.9754
99.1330	-3.4816	4.4066	-0.9892
99.2000	-3.4576	4.3698	-0.9977
99.2360	-3.4284	4.3249	-1.0047
99.3010	-3.3994	4.2795	-1.0089
99.3680	-3.3703	4.2336	-1.0105
99.4020	-3.3403	4.1863	-1.0100
99.4690	-3.3043	4.1296	-1.0075
99.5010	-3.2801	4.0916	-1.0048
99.5670	-3.2558	4.0538	-1.0013
99.5990	-3.2314	4.0161	-0.9970
99.6680	-3.1946	3.9599	-0.9891
99.7350	-3.1576	3.9045	-0.9796
99.8000	-3.1327	3.8677	-0.9725
99.8680	-3.0949	3.8131	-0.9607
99.8970	-3.0568	3.7593	-0.9480
99.9350	-3.0504	3.7504	-0.9459
99.9660	-3.0248	3.7153	-0.9368
100.0010	-2.9988	3.6803	-0.9273
100.0650	-2.9660	3.6371	-0.9153
100.1280	-2.9326	3.5943	-0.9030
100.1670	-2.8987	3.5519	-0.8905
100.2330	-2.8644	3.5101	-0.8779
100.3020	-2.8223	3.4602	-0.8626
100.3670	-2.7720	3.4027	-0.8451
100.4370	-2.7355	3.3620	-0.8332
100.4970	-2.6981	3.3214	-0.8215
100.5340	-2.6526	3.2732	-0.8075
100.6010	-2.6066	3.2258	-0.7934
100.6320	-2.5989	3.2180	-0.7911
100.6630	-2.5756	3.1946	-0.7842
100.7340	-2.5294	3.1483	-0.7748
100.8010	-2.4752	3.0947	-0.7695
100.8340	-2.4435	3.0639	-0.7687
100.9010	-2.4114	3.0327	-0.7690
100.9340	-2.3715	2.9937	-0.7707
100.9980	-2.3237	2.9467	-0.7744
101.0680	-2.2919	2.9154	-0.7779
101.1340	-2.2525	2.8761	-0.7833
101.1670	-2.2136	2.8370	-0.7899
101.2350	-2.1749	2.7976	-0.7976
101.2680	-2.1370	2.7583	-0.8065
101.3010	-2.1293	2.7502	-0.8084
101.3360	-2.1065	2.7262	-0.8143
101.3680	-2.0763	2.6939	-0.8228
101.4340	-2.0391	2.6533	-0.8342
101.5010	-1.9954	2.6044	-0.8489
101.5330	-1.9523	2.5546	-0.8642
101.6000	-1.9242	2.5213	-0.8741
101.6700	-1.8827	2.4709	-0.8891
101.7340	-1.8350	2.4110	-0.9061
101.7980	-1.8015	2.3676	-0.9178
101.8650	-1.7683	2.3238	-0.9294
101.8990	-1.7292	2.2705	-0.9432
101.9670	-1.6908	2.2167	-0.9570
101.9970	-1.6845	2.2077	-0.9593
102.0340	-1.6531	2.1624	-0.9709
102.1310	-1.6224	2.1168	-0.9825
102.1650	-1.5802	2.0523	-0.9987
102.2350	-1.5448	1.9966	-1.0126
102.2690	-1.5390	1.9872	-1.0146
102.3000	-1.5101	1.9404	-1.0228
102.3670	-1.4756	1.8834	-1.0301
102.4370	-1.4529	1.8454	-1.0336
102.4680	-1.4304	1.8075	-1.0360
102.5330	-1.4026	1.7604	-1.0377
102.5680	-1.3750	1.7137	-1.0384
102.6350	-1.3473	1.6667	-1.0384
102.7010	-1.3194	1.6194	-1.0384
102.7320	-1.2860	1.5626	-1.0384
102.8020	-1.2636	1.5247	-1.0385
102.8650	-1.2357	1.4773	-1.0385
102.9020	-1.2022	1.4204	-1.0385
102.9670	-1.1743	1.3730	-1.0385
103.0340	-1.1464	1.3257	-1.0385
103.1000	-1.1185	1.2783	-1.0385
103.1300	-1.0906	1.2309	-1.0385
103.2020	-1.0571	1.1740	-1.0385
103.2650	-1.0236	1.1172	-1.0386
103.3360	-0.9845	1.0508	-1.0386
103.4010	-0.9622	1.0129	-1.0386
103.4350	-0.9399	0.9750	-1.0386
103.4680	-0.9176	0.9371	-1.0386
103.5350	-0.8952	0.8992	-1.0386
103.5670	-0.8729	0.8612	-1.0386
103.6330	-0.8506	0.8233	-1.0386
103.6680	-0.8227	0.7759	-1.0386
103.7000	-0.7948	0.7286	-1.0386
103.7340	-0.7892	0.7191	-1.0387
103.8010	-0.7557	0.6622	-1.0386
103.8350	-0.7278	0.6148	-1.0387
103.8670	-0.7222	0.6053	-1.0387
103.8970	-0.6943	0.5579	-1.0387
103.9670	-0.6608	0.5011	-1.0387
104.0340	-0.6329	0.4537	-1.0387
104.1000	-0.6050	0.4063	-1.0387
104.1640	-0.5715	0.3494	-1.0387
104.2290	-0.5325	0.2831	-1.0387
104.2970	-0.5046	0.2357	-1.0387
104.3670	-0.4711	0.1788	-1.0387
104.4000	-0.4432	0.1314	-1.0387
104.4320	-0.4320	0.1124	-1.0387
104.4660	-0.4097	0.0745	-1.0387
104.5320	-0.3818	0.0271	-1.0387
104.6030	-0.3539	-0.0203	-1.0387
104.6340	-0.3260	-0.0677	-1.0388
104.7000	-0.2981	-0.1151	-1.0388
104.7650	-0.2702	-0.1625	-1.0388
104.8320	-0.2423	-0.2099	-1.0388
104.8660	-0.2033	-0.2762	-1.0388
104.9340	-0.1698	-0.3331	-1.0388
105.0000	-0.1475	-0.3710	-1.0388
105.0350	-0.1251	-0.4089	-1.0388
105.0940	-0.0972	-0.4563	-1.0388
105.1710	-0.0638	-0.5132	-1.0388
105.2350	-0.0303	-0.5701	-1.0389
105.2670	-0.0024	-0.6175	-1.0389
105.3010	0.0032	-0.6270	-1.0389
105.3310	0.0311	-0.6744	-1.0389
105.3990	0.0590	-0.7218	-1.0389
105.4680	0.0869	-0.7692	-1.0389
105.5010	0.1148	-0.8166	-1.0389
105.5350	0.1203	-0.8260	-1.0389
105.5690	0.1426	-0.8640	-1.0389
105.6340	0.1705	-0.9114	-1.0389
105.6660	0.1984	-0.9588	-1.0389
105.7320	0.2319	-1.0157	-1.0389
105.8000	0.2654	-1.0725	-1.0390
105.8650	0.2988	-1.1294	-1.0390
105.9040	0.3044	-1.1389	-1.0390
105.9330	0.3323	-1.1863	-1.0390
106.0000	0.3658	-1.2432	-1.0390
106.0350	0.3881	-1.2811	-1.0390
106.1010	0.4104	-1.3190	-1.0390
106.1350	0.4383	-1.3664	-1.0390
106.1990	0.4662	-1.4138	-1.0390
106.2690	0.4941	-1.4612	-1.0390
106.3360	0.5220	-1.5086	-1.0390
106.3660	0.5498	-1.5561	-1.0390
106.4360	0.5777	-1.6035	-1.0391
106.4680	0.6056	-1.6509	-1.0391
106.4990	0.6112	-1.6603	-1.0391
106.5360	0.6279	-1.6888	-1.0391
106.5670	0.6558	-1.7362	-1.0391
106.6320	0.6893	-1.7931	-1.0391
106.7010	0.7172	-1.8405	-1.0391
106.7670	0.7450	-1.8879	-1.0391
106.8000	0.7729	-1.9353	-1.0391
106.8650	0.8008	-1.9827	-1.0392
106.9350	0.8343	-2.0396	-1.0392
106.9730	0.8620	-2.0866	-1.0377
107.0000	0.8676	-2.0960	-1.0369
107.0330	0.8957	-2.1432	-1.0319
107.1010	0.9300	-2.1998	-1.0241
107.1680	0.9532	-2.2376	-1.0179
107.2360	0.9887	-2.2944	-1.0073
107.2670	1.0187	-2.3413	-0.9974
107.2990	1.0247	-2.3506	-0.9954
107.3350	1.0489	-2.3875	-0.9873
107.3990	1.0733	-2.4240	-0.9788
107.4340	1.1103	-2.4782	-0.9659
107.5010	1.1481	-2.5321	-0.9527
107.5680	1.1673	-2.5589	-0.9461
107.6000	1.1996	-2.6032	-0.9348
107.6670	1.2389	-2.6556	-0.9211
107.7350	1.2723	-2.6989	-0.9095
107.7680	1.3062	-2.7419	-0.8977
107.8000	1.3130	-2.7504	-0.8954
107.8350	1.3338	-2.7762	-0.8885
107.8670	1.3617	-2.8102	-0.8808
107.9350	1.3968	-2.8526	-0.8737
107.9680	1.4396	-2.9034	-0.8674
108.0330	1.4684	-2.9372	-0.8643
108.1000	1.5113	-2.9873	-0.8618
108.1680	1.5611	-3.0454	-0.8614
108.2000	1.5898	-3.0788	-0.8614
108.2670	1.6185	-3.1122	-0.8614
108.3010	1.6471	-3.1456	-0.8614
108.3360	1.6758	-3.1789	-0.8614
108.3980	1.7044	-3.2123	-0.8613
108.4330	1.7403	-3.2540	-0.8613
108.4990	1.7761	-3.2958	-0.8613
108.5680	1.8119	-3.3375	-0.8613
108.6010	1.8477	-3.3792	-0.8613
108.6660	1.8835	-3.4209	-0.8613
108.7340	1.9194	-3.4626	-0.8613
108.7670	1.9552	-3.5044	-0.8613
108.8350	1.9982	-3.5544	-0.8613
108.8990	2.0340	-3.5961	-0.8613
108.9690	2.0698	-3.6379	-0.8613
109.0010	2.1056	-3.6796	-0.8613
109.0670	2.1415	-3.7213	-0.8612
109.1330	2.1773	-3.7630	-0.8613
109.1660	2.2203	-3.8131	-0.8612
109.2340	2.2633	-3.8631	-0.8612
109.2660	2.2704	-3.8715	-0.8612
109.3010	2.2991	-3.9049	-0.8612
109.3680	2.3278	-3.9382	-0.8612
109.4000	2.3636	-3.9800	-0.8612
109.4700	2.3994	-4.0217	-0.8612
109.5000	2.4353	-4.0634	-0.8612
109.5680	2.4783	-4.1135	-0.8612
109.6350	2.5141	-4.1552	-0.8612
109.6990	2.5571	-4.2053	-0.8612
109.7350	2.5857	-4.2386	-0.8612
109.7990	2.6144	-4.2720	-0.8612
109.8350	2.6431	-4.3054	-0.8612
109.8660	2.6646	-4.3304	-0.8612
109.8980	2.6717	-4.3388	-0.8612
109.9350	2.7076	-4.3805	-0.8612
110.0010	2.7434	-4.4222	-0.8612
110.0330	2.7792	-4.4639	-0.8612
110.0680	2.7864	-4.4723	-0.8612
110.1000	2.8151	-4.5056	-0.8612
110.1680	2.8509	-4.5474	-0.8612
110.2010	2.8867	-4.5891	-0.8612
110.2370	2.8939	-4.5974	-0.8612
110.2640	2.9226	-4.6308	-0.8612
110.3320	2.9584	-4.6725	-0.8611
110.3970	3.0014	-4.7226	-0.8611
110.4320	3.0444	-4.7727	-0.8611
110.4650	3.0516	-4.7810	-0.8611
110.5000	3.0874	-4.8227	-0.8611
110.5680	3.1304	-4.8728	-0.8611
110.6360	3.1519	-4.8978	-0.8611
110.6670	3.1878	-4.9395	-0.8611
110.7340	3.2236	-4.9812	-0.8611
110.8010	3.2666	-5.0313	-0.8611
110.8370	3.3024	-5.0730	-0.8611
110.8690	3.3168	-5.0897	-0.8611
110.9320	3.3526	-5.1314	-0.8611
110.9620	3.3884	-5.1731	-0.8611
110.9930	3.3956	-5.1815	-0.8611
111.0650	3.4386	-5.2316	-0.8611
111.1340	3.4816	-5.2816	-0.8611
111.1650	3.5175	-5.3233	-0.8611
111.1940	3.5318	-5.3400	-0.8611
111.2650	3.5676	-5.3817	-0.8610
111.2980	3.6035	-5.4235	-0.8610
111.3640	3.6393	-5.4652	-0.8610
111.4010	3.6752	-5.5069	-0.8610
111.4340	3.6823	-5.5152	-0.8610
111.4690	3.7038	-5.5403	-0.8610
111.5000	3.7397	-5.5820	-0.8610
111.5680	3.7827	-5.6320	-0.8610
111.6340	3.8042	-5.6571	-0.8610
111.6990	3.8472	-5.7071	-0.8610
111.7350	3.8902	-5.7572	-0.8609
111.7690	3.8974	-5.7655	-0.8610
111.7990	3.9261	-5.7989	-0.8610
111.8650	3.9691	-5.8490	-0.8609
111.9340	4.0192	-5.9074	-0.8610
112.0020	4.0479	-5.9407	-0.8609
112.0320	4.0838	-5.9824	-0.8609
112.1010	4.1196	-6.0242	-0.8609
112.1630	4.1555	-6.0659	-0.8609
112.2290	4.1985	-6.1159	-0.8609
112.2680	4.2343	-6.1576	-0.8609
112.3010	4.2487	-6.1743	-0.8609
112.3340	4.2773	-6.2077	-0.8609
112.4010	4.3203	-6.2577	-0.8609
112.4660	4.3705	-6.3161	-0.8609
112.5350	4.3992	-6.3495	-0.8609
112.5710	4.4279	-6.3829	-0.8609
112.6340	4.4709	-6.4329	-0.8609
112.7010	4.5139	-6.4830	-0.8609
112.7360	4.5354	-6.5080	-0.8609
112.8010	4.5713	-6.5497	-0.8609
112.8360	4.6071	-6.5915	-0.8609
112.8680	4.6143	-6.5998	-0.8609
112.8990	4.6358	-6.6248	-0.8609
112.9340	4.6716	-6.6665	-0.8609
112.9990	4.7147	-6.7166	-0.8608
113.0680	4.7433	-6.7500	-0.8608
113.1000	4.7792	-6.7917	-0.8609
113.1670	4.8150	-6.8334	-0.8609
113.2350	4.8509	-6.8751	-0.8609
113.2650	4.8867	-6.9168	-0.8609
113.3340	4.9298	-6.9669	-0.8609
113.3980	4.9656	-7.0086	-0.8609
113.4670	5.0014	-7.0503	-0.8609
113.4990	5.0373	-7.0920	-0.8608
113.5670	5.0731	-7.1337	-0.8608
113.5990	5.1090	-7.1754	-0.8608
113.6680	5.1377	-7.2088	-0.8608
113.7000	5.1735	-7.2505	-0.8608
113.7660	5.2022	-7.2839	-0.8608
113.8330	5.2380	-7.3256	-0.8608
113.8690	5.2739	-7.3673	-0.8608
113.9360	5.3169	-7.4173	-0.8608
114.0010	5.3456	-7.4507	-0.8610
114.0360	5.3740	-7.4839	-0.8638
114.0680	5.4023	-7.5173	-0.8679
114.1360	5.4378	-7.5596	-0.8743
114.1680	5.4728	-7.6019	-0.8820
114.1980	5.4798	-7.6104	-0.8836
114.2350	5.5007	-7.6361	-0.8889
114.3020	5.5353	-7.6791	-0.8986
114.3350	5.5693	-7.7224	-0.9093
114.3680	5.5962	-7.7572	-0.9177
114.4010	5.6097	-7.7750	-0.9208
114.4330	5.6299	-7.8016	-0.9246
114.5000	5.6633	-7.8461	-0.9294
114.5340	5.7027	-7.8991	-0.9332
114.6010	5.7287	-7.9342	-0.9345
114.6360	5.7545	-7.9692	-0.9350
114.6990	5.7870	-8.0132	-0.9350
114.7320	5.8196	-8.0574	-0.9350
114.7680	5.8261	-8.0662	-0.9350
114.8010	5.8522	-8.1016	-0.9351
114.8670	5.8784	-8.1370	-0.9351
114.9010	5.9175	-8.1901	-0.9351
114.9670	5.9567	-8.2432	-0.9351
115.0330	5.9829	-8.2786	-0.9351
115.0660	6.0155	-8.3228	-0.9351
115.1290	6.0482	-8.3671	-0.9351
115.2020	6.0873	-8.4202	-0.9351
115.2340	6.1135	-8.4556	-0.9351
115.2680	6.1265	-8.4733	-0.9351
115.3010	6.1527	-8.5087	-0.9351
115.3680	6.1788	-8.5441	-0.9351
115.4010	6.2114	-8.5884	-0.9351
115.4670	6.2441	-8.6326	-0.9351
115.5350	6.2767	-8.6769	-0.9351
115.5660	6.3094	-8.7211	-0.9351
115.6350	6.3421	-8.7654	-0.9351
115.7010	6.3747	-8.8096	-0.9351
115.7330	6.4074	-8.8539	-0.9351
115.7990	6.4466	-8.9070	-0.9351
115.8680	6.4727	-8.9424	-0.9351
115.9010	6.4988	-8.9778	-0.9351
115.9360	6.5315	-9.0220	-0.9351
115.9980	6.5641	-9.0663	-0.9351
116.0680	6.5968	-9.1106	-0.9351
116.0990	6.6294	-9.1548	-0.9351
116.1350	6.6360	-9.1637	-0.9351
116.1670	6.6621	-9.1991	-0.9351
116.2350	6.6947	-9.2433	-0.9351
116.2610	6.7274	-9.2876	-0.9351
116.3010	6.7339	-9.2964	-0.9351
116.3340	6.7601	-9.3318	-0.9351
116.3660	6.7862	-9.3672	-0.9350
116.4350	6.8188	-9.4115	-0.9350
116.5010	6.8580	-9.4646	-0.9350
116.5350	6.8842	-9.5000	-0.9350
116.6010	6.9103	-9.5354	-0.9351
116.6340	6.9364	-9.5708	-0.9351
116.7010	6.9691	-9.6150	-0.9351
116.7340	7.0083	-9.6682	-0.9351
116.8010	7.0344	-9.7036	-0.9351
116.8350	7.0605	-9.7389	-0.9351
116.9000	7.0932	-9.7832	-0.9351
116.9350	7.1258	-9.8275	-0.9351
116.9680	7.1323	-9.8363	-0.9351
117.0020	7.1519	-9.8629	-0.9351
117.0350	7.1846	-9.9071	-0.9351
117.0970	7.2173	-9.9514	-0.9351
117.1680	7.2564	-10.0045	-0.9351
117.2340	7.3022	-10.0664	-0.9351
117.3010	7.3283	-10.1018	-0.9351
117.3680	7.3609	-10.1461	-0.9351
117.3970	7.3936	-10.1903	-0.9351
117.4670	7.4263	-10.2346	-0.9351
117.5020	7.4589	-10.2789	-0.9351
117.5680	7.4981	-10.3320	-0.9351
117.6340	7.5242	-10.3674	-0.9351
117.6660	7.5569	-10.4116	-0.9351
117.7350	7.5895	-10.4559	-0.9351
117.8020	7.6222	-10.5001	-0.9351
117.8650	7.6614	-10.5532	-0.9351
117.8990	7.6940	-10.5975	-0.9351
117.9320	7.7071	-10.6152	-0.9351
117.9970	7.7398	-10.6595	-0.9351
118.0330	7.7724	-10.7037	-0.9351
118.0990	7.8116	-10.7568	-0.9351
118.1660	7.8573	-10.8188	-0.9351
118.2320	7.8900	-10.8630	-0.9351
118.3000	7.9226	-10.9073	-0.9351
118.3690	7.9553	-10.9515	-0.9351
118.3980	7.9945	-11.0046	-0.9351
118.4660	8.0337	-11.0577	-0.9351
118.5010	8.0402	-11.0666	-0.9351
118.5330	8.0663	-11.1020	-0.9351
118.5990	8.0990	-11.1462	-0.9351
118.6650	8.1382	-11.1994	-0.9351
118.7010	8.1708	-11.2436	-0.9351
118.7340	8.1839	-11.2613	-0.9351
118.8000	8.2165	-11.3056	-0.9351
118.8320	8.2492	-11.3498	-0.9351
118.8990	8.2884	-11.4029	-0.9351
118.9730	8.3341	-11.4649	-0.9351
119.0300	8.3537	-11.4914	-0.9351
119.0660	8.3929	-11.5445	-0.9351
119.1320	8.4321	-11.5976	-0.9351
119.1680	8.4386	-11.6065	-0.9351
119.2000	8.4647	-11.6419	-0.9351
119.2680	8.5039	-11.6950	-0.9351
119.3320	8.5496	-11.7570	-0.9351
119.3970	8.5758	-11.7924	-0.9351
119.4680	8.6150	-11.8455	-0.9351
119.5310	8.6542	-11.8986	-0.9341
119.5640	8.6870	-11.9426	-0.9294
119.5990	8.7002	-11.9602	-0.9272
119.6680	8.7337	-12.0044	-0.9206
119.7330	8.7743	-12.0571	-0.9110
119.7670	8.8085	-12.1008	-0.9018
119.7990	8.8224	-12.1182	-0.8979
119.8690	8.8573	-12.1616	-0.8883
119.9350	8.8923	-12.2041	-0.8781
119.9660	8.9347	-12.2544	-0.8648
120.0340	8.9848	-12.3122	-0.8484
120.1000	9.0211	-12.3529	-0.8372
120.1640	9.0573	-12.3928	-0.8287
120.1990	9.0941	-12.4327	-0.8223
120.2660	9.1391	-12.4809	-0.8169
120.3360	9.1847	-12.5293	-0.8134
120.3650	9.1923	-12.5373	-0.8131
120.4010	9.2225	-12.5692	-0.8126
120.4680	9.2604	-12.6092	-0.8126
120.5030	9.2983	-12.6492	-0.8125
120.5350	9.3058	-12.6572	-0.8125
120.5680	9.3361	-12.6891	-0.8125
120.6000	9.3663	-12.7211	-0.8125
120.6670	9.4042	-12.7610	-0.8125
120.7350	9.4420	-12.8009	-0.8125
120.7660	9.4798	-12.8409	-0.8125
120.8350	9.5176	-12.8808	-0.8125
120.9010	9.5630	-12.9287	-0.8125
120.9350	9.5857	-12.9527	-0.8125
120.9990	9.6235	-12.9926	-0.8125
121.0340	9.6614	-13.0325	-0.8125
121.0640	9.6689	-13.0405	-0.8125
121.1010	9.6992	-13.0725	-0.8125
121.1700	9.7370	-13.1124	-0.8125
121.2010	9.7824	-13.1603	-0.8125
121.2760	9.8051	-13.1843	-0.8125
121.3000	9.8429	-13.2242	-0.8125
121.3660	9.8807	-13.2641	-0.8125
121.3970	9.9034	-13.2881	-0.8125
121.4360	9.9261	-13.3120	-0.8125
121.4680	9.9564	-13.3440	-0.8125
121.5330	9.9866	-13.3759	-0.8125
121.5680	10.0245	-13.4159	-0.8125
121.6330	10.0623	-13.4558	-0.8125
121.6680	10.1001	-13.4957	-0.8125
121.7320	10.1455	-13.5436	-0.8125
121.7990	10.1758	-13.5756	-0.8125
121.8340	10.2060	-13.6075	-0.8125
121.9010	10.2438	-13.6475	-0.8125
121.9340	10.2817	-13.6874	-0.8125
122.0000	10.3271	-13.7353	-0.8125
122.0650	10.3498	-13.7593	-0.8124
122.1000	10.3876	-13.7992	-0.8124
122.1330	10.4178	-13.8311	-0.8124
122.1680	10.4330	-13.8471	-0.8124
122.1980	10.4632	-13.8790	-0.8124
122.2660	10.5011	-13.9190	-0.8124
122.3330	10.5389	-13.9589	-0.8124
122.3670	10.5767	-13.9988	-0.8124
122.4360	10.6221	-14.0467	-0.8124
122.4980	10.6744	-14.1019	-0.8124
122.5340	10.6751	-14.1026	-0.8124
122.5650	10.7129	-14.1426	-0.8124
122.6340	10.7507	-14.1825	-0.8124
122.6970	10.7885	-14.2224	-0.8124
122.7340	10.8339	-14.2703	-0.8124
122.7940	10.8717	-14.3103	-0.8124
122.8360	10.8793	-14.3183	-0.8124
122.8640	10.9171	-14.3582	-0.8124
122.9360	10.9625	-14.4061	-0.8124
122.9990	11.0079	-14.4540	-0.8124
123.0660	11.0457	-14.4939	-0.8124
123.0990	11.0836	-14.5339	-0.8124
123.1650	11.1214	-14.5738	-0.8124
123.2310	11.1592	-14.6137	-0.8124
123.2670	11.1971	-14.6536	-0.8124
123.3340	11.2349	-14.6936	-0.8124
123.4020	11.2727	-14.7335	-0.8124
123.4350	11.3105	-14.7734	-0.8124
123.5010	11.3559	-14.8213	-0.8124
123.5650	11.4089	-14.8772	-0.8124
123.6350	11.4467	-14.9171	-0.8124
123.7010	11.4845	-14.9571	-0.8124
123.7340	11.5224	-14.9970	-0.8124
123.8020	11.5678	-15.0449	-0.8124
123.8690	11.5980	-15.0768	-0.8124
123.9010	11.6358	-15.1168	-0.8124
123.9680	11.6812	-15.1647	-0.8124
124.0350	11.7039	-15.1886	-0.8124
124.0690	11.7418	-15.2286	-0.8124
124.1010	11.7720	-15.2605	-0.8124
124.1340	11.7796	-15.2685	-0.8124
124.1670	11.8023	-15.2924	-0.8124
124.2020	11.8325	-15.3244	-0.8124
124.2680	11.8704	-15.3643	-0.8124
124.3010	11.9082	-15.4042	-0.8124
124.3350	11.9158	-15.4122	-0.8124
124.3680	11.9385	-15.4362	-0.8124
124.3990	11.9687	-15.4681	-0.8124
124.4680	12.0065	-15.5080	-0.8123
124.4980	12.0444	-15.5480	-0.8123
124.5330	12.0519	-15.5560	-0.8123
124.5670	12.0822	-15.5879	-0.8123
124.6350	12.1200	-15.6278	-0.8123
124.6680	12.1654	-15.6757	-0.8123
124.7360	12.1957	-15.7077	-0.8123
124.8010	12.2335	-15.7476	-0.8123
124.8340	12.2789	-15.7955	-0.8123
124.8670	12.3016	-15.8194	-0.8123
124.9360	12.3395	-15.8594	-0.8123
124.9990	12.3849	-15.9073	-0.8123
125.0350	12.4151	-15.9392	-0.8123
125.1030	12.4454	-15.9712	-0.8123
125.1680	12.4833	-16.0112	-0.8128
125.2020	12.5211	-16.0514	-0.8169
125.2340	12.5511	-16.0836	-0.8215
125.2640	12.5662	-16.0999	-0.8240
125.3020	12.5962	-16.1325	-0.8298
125.3650	12.6335	-16.1737	-0.8380
125.4330	12.6704	-16.2152	-0.8474
125.4680	12.7139	-16.2651	-0.8596
125.5320	12.7354	-16.2902	-0.8660
125.6000	12.7776	-16.3406	-0.8792
125.6330	12.8191	-16.3914	-0.8930
125.7000	12.8461	-16.4254	-0.9028
125.7680	12.8863	-16.4772	-0.9172
125.8340	12.9324	-16.5384	-0.9322
125.8670	12.9585	-16.5738	-0.9383
125.9340	12.9847	-16.6096	-0.9432
125.9670	13.0175	-16.6550	-0.9477
126.0340	13.0560	-16.7088	-0.9509
126.1010	13.0750	-16.7355	-0.9516
126.1350	13.1065	-16.7797	-0.9521
126.1990	13.1443	-16.8328	-0.9521
126.2330	13.1698	-16.8686	-0.9521
126.3000	13.1953	-16.9044	-0.9521
126.3680	13.2336	-16.9582	-0.9521
126.4000	13.2655	-17.0030	-0.9521
126.4390	13.2719	-17.0120	-0.9521
126.4680	13.2974	-17.0478	-0.9521
126.5360	13.3293	-17.0926	-0.9521
126.5680	13.3676	-17.1464	-0.9521
126.6340	13.3867	-17.1733	-0.9521
126.6690	13.4186	-17.2181	-0.9522
126.7340	13.4505	-17.2629	-0.9522
126.8020	13.4824	-17.3077	-0.9522
126.8390	13.5143	-17.3525	-0.9522
126.9010	13.5526	-17.4063	-0.9522
126.9340	13.5717	-17.4332	-0.9522
126.9680	13.5972	-17.4690	-0.9522
127.0330	13.6291	-17.5138	-0.9522
127.1000	13.6610	-17.5587	-0.9522
127.1360	13.6929	-17.6035	-0.9522
127.2010	13.7312	-17.6572	-0.9522
127.2680	13.7567	-17.6931	-0.9522
127.3020	13.7886	-17.7379	-0.9522
127.3660	13.8141	-17.7737	-0.9522
127.4320	13.8524	-17.8275	-0.9522
127.4680	13.8843	-17.8723	-0.9522
127.4950	13.8971	-17.8903	-0.9522
127.5350	13.9226	-17.9261	-0.9522
127.5990	13.9545	-17.9709	-0.9522
127.6360	13.9800	-18.0068	-0.9522
127.6670	13.9928	-18.0247	-0.9522
127.7010	14.0183	-18.0605	-0.9522
127.7680	14.0502	-18.1053	-0.9522
127.8350	14.0885	-18.1591	-0.9522
127.8680	14.1140	-18.1950	-0.9522
127.9360	14.1459	-18.2398	-0.9522
127.9690	14.1778	-18.2846	-0.9522
128.0330	14.2160	-18.3384	-0.9522
128.1010	14.2415	-18.3742	-0.9523
128.1340	14.2734	-18.4190	-0.9523
128.1960	14.3117	-18.4728	-0.9523
128.2670	14.3500	-18.5266	-0.9523
128.3350	14.3882	-18.5803	-0.9523
128.3990	14.4138	-18.6162	-0.9523
128.4360	14.4456	-18.6610	-0.9523
128.4990	14.4775	-18.7058	-0.9523
128.5350	14.5030	-18.7417	-0.9523
128.5650	14.5158	-18.7596	-0.9523
128.6350	14.5477	-18.8044	-0.9523
128.6660	14.5796	-18.8492	-0.9523
128.7000	14.5860	-18.8582	-0.9523
128.7350	14.6115	-18.8940	-0.9523
128.7650	14.6370	-18.9299	-0.9523
128.8380	14.6753	-18.9836	-0.9523
128.8980	14.7135	-19.0374	-0.9523
128.9620	14.7518	-19.0912	-0.9523
129.0340	14.7837	-19.1360	-0.9523
129.0990	14.8156	-19.1808	-0.9523
129.1340	14.8475	-19.2256	-0.9522
129.2000	14.8857	-19.2794	-0.9523
129.2350	14.9113	-19.3153	-0.9523
129.3020	14.9368	-19.3511	-0.9523
129.3650	14.9687	-19.3959	-0.9523
129.4010	15.0069	-19.4497	-0.9523
129.4660	15.0325	-19.4855	-0.9523
129.5340	15.0707	-19.5393	-0.9523
129.5680	15.1026	-19.5841	-0.9523
129.6020	15.1090	-19.5931	-0.9523
129.6330	15.1281	-19.6200	-0.9523
129.6660	15.1536	-19.6558	-0.9523
129.7350	15.1855	-19.7006	-0.9523
129.7630	15.2174	-19.7454	-0.9523
129.8310	15.2493	-19.7902	-0.9523
129.9000	15.2876	-19.8440	-0.9523
129.9630	15.3258	-19.8978	-0.9523
130.0270	15.3641	-19.9516	-0.9523
130.0950	15.4088	-20.0143	-0.9523
130.1700	15.4470	-20.0681	-0.9523
130.2340	15.4917	-20.1308	-0.9523
130.3000	15.5172	-20.1667	-0.9523
130.3660	15.5489	-20.2111	-0.9511
130.4010	15.5811	-20.2559	-0.9464
130.4680	15.6204	-20.3098	-0.9388
130.5010	15.6470	-20.3458	-0.9327
130.5660	15.6738	-20.3816	-0.9264
130.6020	15.7073	-20.4257	-0.9178
130.6710	15.7480	-20.4782	-0.9065
130.7350	15.7685	-20.5042	-0.9005
130.7680	15.8029	-20.5471	-0.8900
130.8000	15.8306	-20.5810	-0.8812
130.8380	15.8446	-20.5979	-0.8767
130.9010	15.8799	-20.6398	-0.8659
130.9320	15.9147	-20.6804	-0.8575
131.0010	15.9568	-20.7288	-0.8503
131.0360	15.9856	-20.7615	-0.8467
131.1010	16.0149	-20.7945	-0.8442
131.1350	16.0445	-20.8277	-0.8425
131.2000	16.0740	-20.8609	-0.8421
131.2340	16.1108	-20.9020	-0.8420
131.3010	16.1548	-20.9513	-0.8420
131.3680	16.1841	-20.9841	-0.8420
131.4020	16.2134	-21.0170	-0.8420
131.4680	16.2574	-21.0662	-0.8420
131.4990	16.2940	-21.1072	-0.8420
131.5360	16.3086	-21.1237	-0.8420
131.5650	16.3379	-21.1565	-0.8420
131.6350	16.3673	-21.1893	-0.8420
131.6680	16.4039	-21.2304	-0.8420
131.7340	16.4478	-21.2796	-0.8420
131.8000	16.4771	-21.3124	-0.8420
131.8680	16.5211	-21.3616	-0.8420
131.8990	16.5577	-21.4027	-0.8420
131.9320	16.5651	-21.4109	-0.8420
131.9590	16.6017	-21.4519	-0.8420
132.0320	16.6456	-21.5012	-0.8420
132.1010	16.6749	-21.5340	-0.8420
132.1260	16.7116	-21.5750	-0.8420
132.2000	16.7555	-21.6243	-0.8420
132.2680	16.7995	-21.6735	-0.8420
132.3340	16.8288	-21.7063	-0.8420
132.3680	16.8728	-21.7555	-0.8420
132.4280	16.9094	-21.7966	-0.8420
132.4650	16.9167	-21.8048	-0.8420
132.5000	16.9460	-21.8376	-0.8420
132.5360	16.9826	-21.8786	-0.8420
132.6000	17.0266	-21.9279	-0.8420
132.6720	17.0486	-21.9525	-0.8420
132.6990	17.0852	-21.9935	-0.8420
132.7670	17.1218	-22.0345	-0.8420
132.8350	17.1658	-22.0838	-0.8420
132.8670	17.2024	-22.1248	-0.8420
132.8990	17.2098	-22.1330	-0.8420
132.9350	17.2391	-22.1658	-0.8420
132.9650	17.2684	-22.1987	-0.8420
133.0340	17.3050	-22.2397	-0.8419
133.1010	17.3416	-22.2807	-0.8419
133.1340	17.3783	-22.3217	-0.8419
133.1700	17.3856	-22.3299	-0.8420
133.2000	17.4149	-22.3628	-0.8420
133.2680	17.4515	-22.4038	-0.8420
133.3020	17.4955	-22.4530	-0.8420
133.3690	17.5248	-22.4859	-0.8420
133.4020	17.5541	-22.5187	-0.8420
133.4670	17.5834	-22.5515	-0.8420
133.5010	17.6127	-22.5843	-0.8420
133.5330	17.6420	-22.6172	-0.8419
133.5980	17.6860	-22.6664	-0.8420
133.6640	17.7373	-22.7238	-0.8420
133.7360	17.7739	-22.7648	-0.8419
133.7970	17.8105	-22.8059	-0.8419
133.8650	17.8545	-22.8551	-0.8419
133.9350	17.9058	-22.9125	-0.8419
133.9670	17.9204	-22.9289	-0.8419
133.9960	17.9424	-22.9536	-0.8419
134.0650	17.9863	-23.0028	-0.8419
134.1350	18.0303	-23.0520	-0.8419
134.1980	18.0816	-23.1095	-0.8419
134.2340	18.1109	-23.1423	-0.8419
134.2970	18.1549	-23.1915	-0.8419
134.3680	18.2062	-23.2489	-0.8419
134.4330	18.2355	-23.2818	-0.8422
134.4660	18.2645	-23.3145	-0.8452
134.5340	18.3081	-23.3642	-0.8519
134.5910	18.3516	-23.4145	-0.8605
134.6280	18.3588	-23.4229	-0.8621
134.6670	18.3946	-23.4650	-0.8708
134.7330	18.4368	-23.5158	-0.8827
134.8000	18.4646	-23.5501	-0.8914
134.8350	18.4923	-23.5846	-0.9006
134.8640	18.5195	-23.6193	-0.9099
134.9280	18.5529	-23.6628	-0.9216
135.0000	18.5921	-23.7154	-0.9358
135.0680	18.6372	-23.7776	-0.9512
135.1340	18.6689	-23.8223	-0.9589
135.1680	18.7006	-23.8677	-0.9647
135.2340	18.7384	-23.9226	-0.9697
135.3010	18.7756	-23.9771	-0.9725
135.3330	18.7818	-23.9861	-0.9727
135.3670	18.8063	-24.0221	-0.9733
135.4340	18.8369	-24.0672	-0.9734
135.4670	18.8740	-24.1216	-0.9734
135.5320	18.8987	-24.1580	-0.9734
135.6000	18.9359	-24.2125	-0.9734
135.6640	18.9730	-24.2671	-0.9734
135.7000	19.0039	-24.3126	-0.9734
135.7310	19.0163	-24.3308	-0.9734
135.8010	19.0410	-24.3671	-0.9734
135.8350	19.0658	-24.4035	-0.9734
135.9000	19.0967	-24.4490	-0.9734
135.9290	19.1276	-24.4945	-0.9734
136.0020	19.1648	-24.5490	-0.9734
136.0650	19.2081	-24.6127	-0.9735
136.1350	19.2390	-24.6582	-0.9735
136.1970	19.2761	-24.7127	-0.9735
136.2640	19.3071	-24.7582	-0.9735
136.3320	19.3442	-24.8128	-0.9735
136.3960	19.3875	-24.8764	-0.9735
136.4590	19.4184	-24.9219	-0.9735
136.5330	19.4555	-24.9765	-0.9735
136.5680	19.4927	-25.0311	-0.9735
136.6000	19.4988	-25.0402	-0.9735
136.6360	19.5236	-25.0765	-0.9735
136.6900	19.5483	-25.1129	-0.9735
136.7650	19.5855	-25.1675	-0.9735
136.8010	19.6226	-25.2221	-0.9735
136.8670	19.6597	-25.2766	-0.9735
136.9010	19.6659	-25.2857	-0.9735
136.9340	19.6906	-25.3221	-0.9735
137.0000	19.7216	-25.3676	-0.9735
137.0350	19.7525	-25.4131	-0.9735
137.0660	19.7587	-25.4222	-0.9735
137.1010	19.7834	-25.4585	-0.9735
137.1640	19.8144	-25.5040	-0.9735
137.2330	19.8515	-25.5586	-0.9735
137.2700	19.8824	-25.6040	-0.9735
137.3000	19.8948	-25.6222	-0.9735
137.3660	19.9195	-25.6586	-0.9735
137.4010	19.9443	-25.6950	-0.9735
137.4350	19.9752	-25.7405	-0.9735
137.5010	20.0123	-25.7950	-0.9735
137.5650	20.0371	-25.8314	-0.9735
137.6000	20.0618	-25.8678	-0.9735
137.6350	20.0866	-25.9042	-0.9735
137.7020	20.1113	-25.9406	-0.9735
137.7320	20.1423	-25.9860	-0.9735
137.7980	20.1732	-26.0315	-0.9735
137.8690	20.2103	-26.0861	-0.9735
137.8990	20.2413	-26.1316	-0.9735
137.9330	20.2474	-26.1407	-0.9735
137.9680	20.2660	-26.1679	-0.9733
138.0000	20.2967	-26.2128	-0.9697
138.0690	20.3346	-26.2674	-0.9628
138.1350	20.3601	-26.3037	-0.9571
138.1680	20.3859	-26.3400	-0.9506
138.2350	20.4185	-26.3852	-0.9415
138.2640	20.4515	-26.4299	-0.9319
138.3000	20.4581	-26.4388	-0.9299
138.3330	20.4846	-26.4740	-0.9218
138.4020	20.5113	-26.5089	-0.9133
138.4330	20.5450	-26.5520	-0.9023
138.4980	20.5793	-26.5949	-0.8910
138.5660	20.6211	-26.6458	-0.8772
138.5990	20.6556	-26.6870	-0.8682
138.6320	20.6695	-26.7034	-0.8654
138.6950	20.7048	-26.7446	-0.8594
138.7350	20.7408	-26.7862	-0.8550
138.8020	20.7845	-26.8363	-0.8517
138.8680	20.8137	-26.8696	-0.8510
138.9010	20.8501	-26.9111	-0.8510
138.9650	20.8936	-26.9608	-0.8510
139.0010	20.9227	-26.9939	-0.8510
139.0700	20.9517	-27.0269	-0.8509
139.1340	20.9879	-27.0683	-0.8509
139.1670	21.0242	-27.1097	-0.8509
139.2350	21.0604	-27.1510	-0.8509
139.2670	21.0967	-27.1924	-0.8509
139.3340	21.1402	-27.2420	-0.8509
139.4010	21.1692	-27.2751	-0.8509
139.4350	21.1982	-27.3081	-0.8509
139.4680	21.2272	-27.3412	-0.8509
139.5330	21.2562	-27.3743	-0.8509
139.5990	21.2998	-27.4239	-0.8509
139.6320	21.3360	-27.4653	-0.8509
139.6650	21.3505	-27.4818	-0.8509
139.7010	21.3723	-27.5066	-0.8509
139.7350	21.4013	-27.5397	-0.8509
139.8010	21.4303	-27.5728	-0.8509
139.8340	21.4666	-27.6141	-0.8508
139.8980	21.5028	-27.6555	-0.8508
139.9690	21.5391	-27.6968	-0.8508
140.0000	21.5826	-27.7464	-0.8508
140.0600	21.6189	-27.7878	-0.8508
140.0980	21.6334	-27.8043	-0.8508
140.1360	21.6624	-27.8374	-0.8508
140.2010	21.6986	-27.8787	-0.8508
140.2340	21.7349	-27.9201	-0.8508
140.2660	21.7422	-27.9284	-0.8508
140.2950	21.7639	-27.9532	-0.8508
140.3660	21.8147	-28.0111	-0.8508
140.4300	21.8655	-28.0689	-0.8508
140.4990	21.9017	-28.1103	-0.8508
140.5630	21.9452	-28.1599	-0.8508
140.6320	21.9960	-28.2178	-0.8508
140.6990	22.0323	-28.2591	-0.8508
140.7660	22.0757	-28.3090	-0.8542
140.8360	22.1118	-28.3508	-0.8598
140.8660	22.1475	-28.3927	-0.8666
140.9330	22.1900	-28.4433	-0.8764
141.0050	22.2321	-28.4946	-0.8878
141.0650	22.2740	-28.5467	-0.9006
141.1330	22.3212	-28.6073	-0.9165
141.2000	22.3475	-28.6421	-0.9262
141.2350	22.3800	-28.6858	-0.9379
141.3000	22.4123	-28.7304	-0.9493
141.3640	22.4440	-28.7753	-0.9607
141.4360	22.4814	-28.8296	-0.9744
141.4680	22.5121	-28.8755	-0.9858
141.5050	22.5181	-28.8846	-0.9881
141.5350	22.5481	-28.9307	-0.9994
141.5970	22.5776	-28.9772	-1.0109
141.6680	22.6065	-29.0240	-1.0222
141.7350	22.6328	-29.0676	-1.0360
141.7700	22.6361	-29.0731	-1.0500
141.7990	22.6361	-29.0732	-1.0502
141.8340	22.6381	-29.0767	-1.0597
141.9010	22.6404	-29.0809	-1.0740
141.9340	22.6415	-29.0828	-1.0839
141.9690	22.6420	-29.0838	-1.0888
142.0010	22.6426	-29.0849	-1.0973
142.0670	22.6431	-29.0859	-1.1060
142.1340	22.6436	-29.0868	-1.1127
142.1660	22.6438	-29.0874	-1.1174
142.2340	22.6437	-29.0870	-1.1207
142.2670	22.6432	-29.0860	-1.1226
142.3320	22.6423	-29.0843	-1.1234
142.4030	22.6417	-29.0830	-1.1235
142.4350	22.6411	-29.0818	-1.1235
142.5000	22.6407	-29.0809	-1.1235
142.5320	22.6404	-29.0801	-1.1235
142.6010	22.6400	-29.0795	-1.1235
142.6340	22.6398	-29.0789	-1.1235
142.6680	22.6397	-29.0787	-1.1235
142.7360	22.6394	-29.0782	-1.1235
142.7670	22.6392	-29.0777	-1.1235
142.8000	22.6389	-29.0772	-1.1236
142.8680	22.6387	-29.0766	-1.1236
142.9000	22.6385	-29.0762	-1.1236
142.9340	22.6384	-29.0760	-1.1236
143.0010	22.6381	-29.0755	-1.1236
143.0300	22.6379	-29.0750	-1.1236
143.0650	22.6379	-29.0749	-1.1236
143.1000	22.6377	-29.0746	-1.1236
143.1670	22.6374	-29.0741	-1.1236
143.2340	22.6372	-29.0735	-1.1236
143.2990	22.6370	-29.0732	-1.1236
143.3380	22.6368	-29.0728	-1.1236
143.4000	22.6366	-29.0724	-1.1236
143.4640	22.6364	-29.0719	-1.1236
143.5320	22.6362	-29.0716	-1.1236
143.6010	22.6361	-29.0712	-1.1236
143.6340	22.6360	-29.0710	-1.1236
143.6670	22.6359	-29.0709	-1.1236
143.7010	22.6358	-29.0707	-1.1236
143.7680	22.6357	-29.0704	-1.1236
143.7980	22.6356	-29.0702	-1.1236
143.8670	22.6354	-29.0699	-1.1236
143.9360	22.6353	-29.0696	-1.1236
143.9660	22.6352	-29.0694	-1.1236
143.9980	22.6352	-29.0694	-1.1236
144.0340	22.6351	-29.0691	-1.1236
144.0980	22.6350	-29.0689	-1.1236
144.1610	22.6348	-29.0686	-1.1236
144.2340	22.6347	-29.0684	-1.1237
144.2980	22.6346	-29.0682	-1.1236
144.3660	22.6345	-29.0680	-1.1237
144.4330	22.6344	-29.0678	-1.1236
144.4960	22.6343	-29.0676	-1.1236
144.5300	22.6343	-29.0676	-1.1236
144.5650	22.6342	-29.0674	-1.1236
144.6340	22.6342	-29.0672	-1.1236
144.7020	22.6341	-29.0671	-1.1237
144.7680	22.6341	-29.0670	-1.1237
144.7990	22.6340	-29.0668	-1.1237
144.8680	22.6339	-29.0667	-1.1237
144.9010	22.6339	-29.0667	-1.1237
144.9350	22.6339	-29.0666	-1.1237
144.9990	22.6338	-29.0665	-1.1237
145.0350	22.6338	-29.0664	-1.1237
145.0680	22.6338	-29.0664	-1.1237
145.1010	22.6337	-29.0663	-1.1237
145.1680	22.6337	-29.0662	-1.1237
145.2010	22.6336	-29.0661	-1.1237
145.2330	22.6336	-29.0661	-1.1237
145.2630	22.6336	-29.0660	-1.1237
145.3320	22.6335	-29.0659	-1.1237
145.3960	22.6335	-29.0658	-1.1237
145.4650	22.6334	-29.0657	-1.1237
145.5310	22.6334	-29.0657	-1.1237
