t	x	y	z	p	xd	yd	zd	pd	xdd	ydd	zdd	pdd
0.0000	1.7655	4.8376	1.8584	1.6581	0.0000	0.0000	0.0000	0.0000	0.0000	0.0000	0.0000	0.0000
0.0100	1.7655	4.8377	1.8584	1.6581	-0.0013	0.0035	-0.0015	-0.0001	-0.1337	0.3549	-0.1513	-0.0072
0.0200	1.7655	4.8377	1.8584	1.6581	-0.0007	0.0032	-0.0005	-0.0000	-0.0664	0.3177	-0.0456	-0.0002
0.0300	1.7655	4.8377	1.8584	1.6581	-0.0002	0.0026	0.0007	0.0000	-0.0227	0.2552	0.0705	0.0001
0.0400	1.7654	4.8378	1.8584	1.6581	-0.0024	0.0013	0.0010	0.0035	-0.2371	0.1309	0.0952	0.3550
0.0500	1.7654	4.8378	1.8584	1.6581	-0.0014	0.0051	0.0000	-0.0032	-0.1351	0.5078	0.0033	-0.3170
0.0600	1.7654	4.8378	1.8584	1.6581	-0.0009	0.0036	-0.0016	-0.0003	-0.0887	0.3584	-0.1579	-0.0342
0.0700	1.7654	4.8379	1.8584	1.6581	-0.0010	0.0036	-0.0010	-0.0000	-0.1029	0.3558	-0.0958	-0.0038
0.0800	1.7654	4.8379	1.8584	1.6581	-0.0012	0.0032	-0.0010	-0.0000	-0.1226	0.3232	-0.1037	-0.0003
0.1050	1.7654	4.8380	1.8584	1.6581	-0.0012	0.0025	0.0003	0.0001	-0.0473	0.0989	0.0128	0.0024
0.1330	1.7653	4.8380	1.8584	1.6581	-0.0011	0.0020	0.0007	-0.0001	-0.0395	0.0711	0.0235	-0.0019
0.1610	1.7653	4.8381	1.8585	1.6581	-0.0010	0.0029	0.0007	0.0000	-0.0352	0.1039	0.0243	0.0002
0.1850	1.7653	4.8382	1.8585	1.6581	-0.0011	0.0026	0.0008	-0.0000	-0.0453	0.1081	0.0332	-0.0004
0.1900	1.7653	4.8382	1.8585	1.6581	0.0005	0.0067	-0.0008	0.0017	0.1041	1.3347	-0.1672	0.3432
0.2000	1.7653	4.8383	1.8585	1.6581	0.0008	0.0038	0.0011	-0.0008	0.0847	0.3804	0.1062	-0.0770
0.2200	1.7653	4.8383	1.8586	1.6581	0.0016	0.0034	0.0044	-0.0000	0.0793	0.1708	0.2193	-0.0022
0.2500	1.7654	4.8385	1.8588	1.6581	0.0045	0.0047	0.0092	0.0004	0.1512	0.1574	0.3063	0.0120
0.2780	1.7655	4.8385	1.8590	1.6581	0.0034	0.0020	0.0050	-0.0003	0.1224	0.0706	0.1788	-0.0123
0.2800	1.7658	4.8387	1.8593	1.6581	0.0626	0.0303	0.0937	-0.0000	31.3028	15.1680	46.8629	-0.0155
0.2900	1.7659	4.8387	1.8596	1.6581	0.0132	0.0066	0.0223	-0.0000	1.3221	0.6578	2.2325	-0.0006
0.3120	1.7662	4.8389	1.8601	1.6580	0.0150	0.0079	0.0233	-0.0032	0.6796	0.3596	1.0607	-0.1435
0.3370	1.7667	4.8391	1.8607	1.6577	0.0178	0.0096	0.0250	-0.0103	0.7117	0.3838	1.0001	-0.4132
0.3620	1.7672	4.8394	1.8615	1.6573	0.0215	0.0098	0.0319	-0.0181	0.8606	0.3924	1.2766	-0.7246
0.3890	1.7678	4.8396	1.8625	1.6566	0.0115	0.0048	0.0190	-0.0129	0.4253	0.1778	0.7029	-0.4769
0.3900	1.7685	4.8399	1.8636	1.6558	0.3558	0.1315	0.5781	-0.4432	355.7542	131.5120	578.1092	-443.1753
0.4000	1.7689	4.8401	1.8642	1.6553	0.0377	0.0150	0.0576	-0.0491	3.7741	1.5026	5.7586	-4.9066
0.4250	1.7697	4.8403	1.8654	1.6542	0.0331	0.0112	0.0514	-0.0450	1.3225	0.4471	2.0564	-1.7998
0.4500	1.7710	4.8408	1.8676	1.6521	0.0547	0.0172	0.0870	-0.0817	2.1871	0.6882	3.4814	-3.2674
0.4750	1.7721	4.8410	1.8693	1.6505	0.0403	0.0110	0.0661	-0.0638	1.6117	0.4397	2.6441	-2.5512
0.4800	1.7726	4.8412	1.8702	1.6497	0.1037	0.0262	0.1817	-0.1734	20.7358	5.2383	36.3305	-34.6853
0.4900	1.7731	4.8413	1.8711	1.6488	0.0559	0.0142	0.0898	-0.0913	5.5932	1.4205	8.9797	-9.1257
0.5150	1.7743	4.8416	1.8730	1.6468	0.0480	0.0110	0.0757	-0.0784	1.9194	0.4388	3.0288	-3.1379
0.5420	1.7762	4.8420	1.8761	1.6435	0.0706	0.0143	0.1167	-0.1216	2.6151	0.5297	4.3206	-4.5037
0.5690	1.7769	4.8421	1.8773	1.6423	0.0244	0.0043	0.0429	-0.0439	0.9023	0.1601	1.5878	-1.6248
0.5700	1.7783	4.8424	1.8796	1.6398	0.7046	0.1289	1.1836	-1.2718	704.6084	128.8562	1183.5938	-1271.8303
0.5800	1.7790	4.8425	1.8808	1.6385	0.0721	0.0127	0.1217	-0.1316	7.2091	1.2709	12.1726	-13.1599
0.6050	1.7806	4.8427	1.8835	1.6356	0.0632	0.0104	0.1064	-0.1162	2.5297	0.4155	4.2542	-4.6483
0.6330	1.7821	4.8430	1.8861	1.6328	0.0532	0.0077	0.0919	-0.0998	1.8990	0.2757	3.2804	-3.5632
0.6630	1.7854	4.8434	1.8918	1.6264	0.0850	0.0112	0.1457	-0.1616	2.8322	0.3740	4.8550	-5.3878
0.6940	1.7881	4.8437	1.8965	1.6212	0.0866	0.0099	0.1513	-0.1686	2.7929	0.3199	4.8808	-5.4385
0.7220	1.7890	4.8438	1.8982	1.6194	0.0328	0.0034	0.0589	-0.0652	1.1731	0.1204	2.1019	-2.3279
0.7520	1.7929	4.8442	1.9050	1.6117	0.0655	0.0066	0.1152	-0.1311	2.1822	0.2210	3.8414	-4.3700
0.7810	1.7971	4.8445	1.9123	1.6033	0.1087	0.0079	0.1926	-0.2178	3.7468	0.2732	6.6424	-7.5105
0.8100	1.7981	4.8446	1.9143	1.6012	0.0371	0.0026	0.0661	-0.0753	1.2808	0.0911	2.2782	-2.5974
0.8390	1.8015	4.8448	1.9202	1.5944	0.0381	0.0027	0.0691	-0.0793	1.3132	0.0938	2.3812	-2.7339
0.8400	1.8037	4.8450	1.9242	1.5897	1.1551	0.0714	2.0459	-2.3745	1155.0916	71.3535	2045.9036	-2374.4914
0.8500	1.8049	4.8450	1.9264	1.5872	0.1156	0.0059	0.2109	-0.2413	11.5646	0.5867	21.0935	-24.1346
0.8750	1.8061	4.8451	1.9285	1.5848	0.0465	0.0023	0.0857	-0.0980	1.8587	0.0902	3.4270	-3.9215
0.9040	1.8084	4.8452	1.9329	1.5798	0.0409	0.0019	0.0758	-0.0871	1.4102	0.0645	2.6155	-3.0017
0.9310	1.8133	4.8454	1.9419	1.5693	0.0862	0.0034	0.1619	-0.1868	3.1917	0.1258	5.9957	-6.9171
0.9600	1.8184	4.8455	1.9516	1.5583	0.1325	0.0029	0.2506	-0.2873	4.5687	0.1000	8.6406	-9.9053
0.9870	1.8197	4.8456	1.9540	1.5554	0.0483	0.0009	0.0919	-0.1054	1.7895	0.0317	3.4029	-3.9046
0.9910	1.8225	4.8456	1.9593	1.5493	0.3688	0.0042	0.6946	-0.8023	92.2123	1.0413	173.6586	-200.5740
1.0000	1.8237	4.8456	1.9616	1.5467	0.1357	0.0013	0.2556	-0.2951	15.0824	0.1411	28.3996	-32.7912
1.0260	1.8250	4.8456	1.9642	1.5437	0.0522	0.0002	0.1000	-0.1148	2.0076	0.0086	3.8469	-4.4144
1.0530	1.8292	4.8456	1.9722	1.5346	0.1021	-0.0001	0.1976	-0.2272	3.7827	-0.0042	7.3195	-8.4164
1.0830	1.8321	4.8456	1.9779	1.5280	0.0513	-0.0005	0.1007	-0.1156	1.7094	-0.0158	3.3551	-3.8528
1.1060	1.8362	4.8455	1.9860	1.5186	0.0623	-0.0016	0.1245	-0.1412	2.7072	-0.0683	5.4149	-6.1373
1.1110	1.8393	4.8455	1.9921	1.5117	0.3200	-0.0070	0.6347	-0.7286	63.9976	-1.3988	126.9327	-145.7280
1.1200	1.8406	4.8454	1.9947	1.5087	0.1469	-0.0031	0.2900	-0.3343	16.3218	-0.3391	32.2224	-37.1449
1.1480	1.8437	4.8453	2.0009	1.5016	0.1113	-0.0040	0.2230	-0.2543	3.9735	-0.1427	7.9628	-9.0804
1.1770	1.8466	4.8452	2.0066	1.4950	0.0975	-0.0034	0.1971	-0.2261	3.3632	-0.1160	6.7959	-7.7974
1.2060	1.8497	4.8451	2.0131	1.4877	0.0526	-0.0024	0.1064	-0.1217	1.8136	-0.0823	3.6704	-4.1951
1.2340	1.8557	4.8448	2.0254	1.4736	0.1045	-0.0054	0.2155	-0.2463	3.7328	-0.1926	7.6963	-8.7972
1.2630	1.8604	4.8445	2.0351	1.4625	0.1074	-0.0065	0.2244	-0.2562	3.7042	-0.2239	7.7373	-8.8329
1.2920	1.8667	4.8441	2.0485	1.4473	0.1639	-0.0126	0.3486	-0.3944	5.6512	-0.4349	12.0216	-13.6014
1.3210	1.8683	4.8439	2.0519	1.4435	0.0548	-0.0043	0.1178	-0.1333	1.8905	-0.1483	4.0634	-4.5979
1.3490	1.8732	4.8435	2.0622	1.4317	0.0581	-0.0050	0.1242	-0.1409	2.0734	-0.1800	4.4365	-5.0338
1.3500	1.8765	4.8432	2.0693	1.4237	1.6266	-0.1543	3.5397	-4.0008	1626.5585	-154.3237	3539.7424	-4000.7604
1.3600	1.8781	4.8431	2.0728	1.4197	0.1640	-0.0150	0.3535	-0.4025	16.4014	-1.5047	35.3462	-40.2459
1.3860	1.8797	4.8429	2.0764	1.4156	0.0628	-0.0064	0.1381	-0.1558	2.4156	-0.2447	5.3097	-5.9923
1.4150	1.8846	4.8424	2.0874	1.4033	0.1128	-0.0127	0.2531	-0.2838	3.8897	-0.4392	8.7282	-9.7854
1.4430	1.8912	4.8416	2.1023	1.3866	0.1771	-0.0216	0.4013	-0.4500	6.3245	-0.7732	14.3329	-16.0729
1.4720	1.8929	4.8414	2.1061	1.3823	0.0571	-0.0072	0.1306	-0.1465	1.9691	-0.2470	4.5032	-5.0520
1.5010	1.8996	4.8405	2.1215	1.3651	0.1156	-0.0163	0.2673	-0.2986	3.9866	-0.5622	9.2159	-10.2971
1.5300	1.9030	4.8400	2.1293	1.3564	0.0582	-0.0082	0.1346	-0.1512	2.0072	-0.2844	4.6427	-5.2154
1.5400	1.9080	4.8392	2.1413	1.3431	0.1527	-0.0244	0.3595	-0.4008	15.2672	-2.4385	35.9451	-40.0776
1.5670	1.9097	4.8389	2.1453	1.3386	0.0621	-0.0100	0.1488	-0.1657	2.3015	-0.3702	5.5117	-6.1359
1.5960	1.9165	4.8377	2.1617	1.3205	0.1741	-0.0311	0.4256	-0.4693	6.0032	-1.0733	14.6772	-16.1837
1.6260	1.9198	4.8371	2.1700	1.3113	0.1127	-0.0206	0.2764	-0.3058	3.7560	-0.6851	9.2123	-10.1939
1.6570	1.9249	4.8361	2.1826	1.2974	0.1092	-0.0213	0.2720	-0.2998	3.5233	-0.6880	8.7728	-9.6710
1.6860	1.9300	4.8350	2.1955	1.2833	0.1163	-0.0249	0.2966	-0.3245	4.0099	-0.8600	10.2274	-11.1890
1.7150	1.9351	4.8339	2.2085	1.2691	0.1170	-0.0261	0.2999	-0.3282	4.0349	-0.8995	10.3411	-11.3174
1.7430	1.9401	4.8327	2.2217	1.2547	0.1200	-0.0293	0.3171	-0.3437	4.2872	-1.0464	11.3247	-12.2768
1.7730	1.9468	4.8310	2.2397	1.2352	0.1674	-0.0427	0.4495	-0.4872	5.5807	-1.4224	14.9830	-16.2400
1.8020	1.9502	4.8301	2.2488	1.2254	0.1158	-0.0311	0.3136	-0.3388	3.9920	-1.0725	10.8149	-11.6818
1.8310	1.9552	4.8287	2.2626	1.2105	0.1148	-0.0325	0.3175	-0.3421	3.9578	-1.1199	10.9494	-11.7951
1.8430	1.9585	4.8277	2.2719	1.2005	0.1374	-0.0407	0.3882	-0.4166	11.4502	-3.3915	32.3488	-34.7152
1.8500	1.9601	4.8272	2.2766	1.1955	0.2377	-0.0714	0.6668	-0.7159	33.9603	-10.2027	95.2518	-102.2670
1.8740	1.9636	4.8262	2.2864	1.1850	0.1430	-0.0441	0.4107	-0.4405	5.9569	-1.8366	17.1118	-18.3533
1.9030	1.9667	4.8252	2.2955	1.1753	0.1067	-0.0349	0.3120	-0.3318	3.6776	-1.2050	10.7595	-11.4398
1.9320	1.9715	4.8235	2.3098	1.1601	0.1117	-0.0375	0.3297	-0.3518	3.8529	-1.2928	11.3686	-12.1307
1.9610	1.9779	4.8212	2.3292	1.1395	0.1651	-0.0599	0.5030	-0.5324	5.6930	-2.0651	17.3440	-18.3585
1.9890	1.9795	4.8207	2.3340	1.1343	0.0563	-0.0208	0.1741	-0.1846	2.0106	-0.7435	6.2182	-6.5944
1.9900	1.9827	4.8195	2.3438	1.1240	1.4141	-0.5399	4.4207	-4.6734	1414.0639	-539.9417	4420.6757	-4673.3646
2.0000	1.9842	4.8188	2.3488	1.1187	0.1563	-0.0620	0.4950	-0.5205	15.6265	-6.1966	49.4964	-52.0464
2.0240	1.9858	4.8182	2.3538	1.1135	0.0650	-0.0261	0.2070	-0.2173	2.7094	-1.0878	8.6258	-9.0560
2.0530	1.9890	4.8169	2.3643	1.1025	0.0588	-0.0246	0.1900	-0.1987	2.0267	-0.8495	6.5514	-6.8515
2.0820	1.9950	4.8143	2.3839	1.0820	0.0950	-0.0421	0.3141	-0.3273	3.2741	-1.4532	10.8296	-11.2851
2.1110	1.9995	4.8122	2.3991	1.0661	0.1033	-0.0472	0.3500	-0.3655	3.5612	-1.6279	12.0694	-12.6018
2.1410	2.0025	4.8108	2.4094	1.0555	0.0489	-0.0237	0.1707	-0.1774	1.6293	-0.7896	5.6900	-5.9130
2.1690	2.0069	4.8085	2.4254	1.0389	0.0514	-0.0268	0.1858	-0.1910	1.8371	-0.9576	6.6356	-6.8226
2.1700	2.0097	4.8071	2.4353	1.0288	1.3036	-0.6785	4.6691	-4.8246	1303.5734	-678.4556	4669.1304	-4824.5932
2.1800	2.0111	4.8064	2.4405	1.0234	0.1421	-0.0767	0.5218	-0.5368	14.2140	-7.6712	52.1753	-53.6801
2.2030	2.0140	4.8047	2.4515	1.0121	0.1270	-0.0708	0.4788	-0.4912	5.5203	-3.0784	20.8166	-21.3563
2.2350	2.0152	4.8040	2.4562	1.0073	0.0389	-0.0221	0.1477	-0.1515	1.2148	-0.6917	4.6156	-4.7350
2.2640	2.0208	4.8007	2.4780	0.9851	0.0977	-0.0595	0.3846	-0.3918	3.3685	-2.0516	13.2612	-13.5094
2.2930	2.0246	4.7982	2.4934	0.9694	0.0907	-0.0580	0.3683	-0.3741	3.1268	-2.0001	12.7002	-12.9014
2.3220	2.0272	4.7965	2.5042	0.9585	0.0437	-0.0299	0.1859	-0.1875	1.5085	-1.0325	6.4103	-6.4645
2.3520	2.0323	4.7929	2.5263	0.9362	0.0822	-0.0595	0.3614	-0.3634	2.7406	-1.9822	12.0450	-12.1147
2.3810	2.0346	4.7912	2.5367	0.9258	0.0412	-0.0315	0.1879	-0.1882	1.4221	-1.0852	6.4779	-6.4899
2.4100	2.0382	4.7884	2.5531	0.9094	0.0404	-0.0323	0.1889	-0.1885	1.3940	-1.1143	6.5149	-6.5017
2.4400	2.0416	4.7855	2.5696	0.8930	0.0373	-0.0322	0.1839	-0.1825	1.2449	-1.0732	6.1307	-6.0836
2.4670	2.0449	4.7826	2.5862	0.8766	0.0411	-0.0369	0.2054	-0.2029	1.5225	-1.3655	7.6088	-7.5153
2.4700	2.0470	4.7805	2.5973	0.8656	0.3142	-0.3018	1.6669	-1.6440	104.7372	-100.6008	555.6321	-547.9922
2.4810	2.0482	4.7794	2.6034	0.8596	0.1043	-0.1008	0.5554	-0.5480	9.4838	-9.1608	50.4887	-49.8140
2.5000	2.0492	4.7784	2.6090	0.8541	0.0538	-0.0536	0.2931	-0.2884	2.8339	-2.8218	15.4289	-15.1775
2.5180	2.0511	4.7764	2.6196	0.8437	0.0557	-0.0581	0.3112	-0.3044	3.0936	-3.2292	17.2897	-16.9102
2.5200	2.0521	4.7754	2.6252	0.8382	0.4924	-0.5236	2.8006	-2.7399	246.1761	-261.7913	1400.2903	-1369.9735
2.5500	2.0532	4.7742	2.6314	0.8322	0.0353	-0.0386	0.2055	-0.2009	1.1776	-1.2860	6.8506	-6.6952
2.5820	2.0559	4.7711	2.6477	0.8163	0.0290	-0.0339	0.1763	-0.1711	0.9076	-1.0609	5.5088	-5.3473
2.6130	2.0594	4.7668	2.6703	0.7944	0.0557	-0.0710	0.3643	-0.3528	1.7980	-2.2911	11.7506	-11.3804
2.6430	2.0611	4.7645	2.6815	0.7835	0.0279	-0.0373	0.1881	-0.1820	0.9292	-1.2425	6.2697	-6.0666
2.6790	2.0634	4.7611	2.6986	0.7671	0.0209	-0.0319	0.1581	-0.1515	0.5811	-0.8867	4.3923	-4.2080
2.7120	2.0656	4.7576	2.7157	0.7508	0.0214	-0.0356	0.1730	-0.1649	0.6496	-1.0793	5.2437	-4.9966
2.7470	2.0683	4.7529	2.7385	0.7291	0.0182	-0.0340	0.1631	-0.1549	0.5191	-0.9718	4.6589	-4.4266
2.7500	2.0701	4.7491	2.7562	0.7123	0.1926	-0.4024	1.9026	-1.8019	64.1926	-134.1190	634.1911	-600.6329
2.7600	2.0706	4.7480	2.7614	0.7074	0.0496	-0.1097	0.5147	-0.4860	4.9635	-10.9742	51.4687	-48.5978
2.7920	2.0717	4.7456	2.7728	0.6966	0.0334	-0.0769	0.3579	-0.3370	1.0431	-2.4046	11.1830	-10.5309
2.8110	2.0727	4.7431	2.7843	0.6859	0.0250	-0.0659	0.3023	-0.2829	1.3180	-3.4705	15.9105	-14.8900
2.8200	2.0736	4.7406	2.7958	0.6751	0.0428	-0.1262	0.5749	-0.5361	4.7575	-14.0276	63.8770	-59.5681
2.8300	2.0740	4.7393	2.8016	0.6698	0.0433	-0.1293	0.5774	-0.5354	4.3338	-12.9300	57.7384	-53.5409
2.8610	2.0752	4.7353	2.8194	0.6532	0.0386	-0.1281	0.5741	-0.5338	1.2444	-4.1322	18.5182	-17.2200
2.8960	2.0761	4.7315	2.8360	0.6378	0.0268	-0.1079	0.4760	-0.4402	0.7666	-3.0840	13.5999	-12.5770
2.9320	2.0769	4.7275	2.8533	0.6220	0.0216	-0.1103	0.4793	-0.4406	0.6004	-3.0632	13.3149	-12.2379
2.9550	2.0773	4.7249	2.8648	0.6115	0.0085	-0.0580	0.2493	-0.2286	0.3680	-2.5217	10.8374	-9.9405
2.9600	2.0777	4.7222	2.8763	0.6010	0.0308	-0.2693	1.1472	-1.0472	6.1687	-53.8524	229.4300	-209.4437
2.9710	2.0778	4.7207	2.8826	0.5952	0.0130	-0.1353	0.5735	-0.5227	1.1775	-12.3017	52.1389	-47.5163
3.0030	2.0780	4.7181	2.8935	0.5853	0.0060	-0.0813	0.3409	-0.3094	0.1889	-2.5412	10.6518	-9.6674
3.0300	2.0781	4.7126	2.9164	0.5646	0.0008	-0.1530	0.6360	-0.5745	0.0290	-5.6667	23.5565	-21.2784
3.0650	2.0779	4.7084	2.9335	0.5492	-0.0050	-0.1196	0.4904	-0.4401	-0.1415	-3.4164	14.0111	-12.5740
3.0950	2.0776	4.7041	2.9507	0.5339	-0.0120	-0.1419	0.5720	-0.5097	-0.4008	-4.7287	19.0656	-16.9899
3.1330	2.0772	4.7013	2.9621	0.5238	-0.0100	-0.0754	0.3009	-0.2665	-0.2629	-1.9850	7.9197	-7.0133
3.1660	2.0762	4.6955	2.9849	0.5037	-0.0144	-0.0789	0.3099	-0.2731	-0.4364	-2.3912	9.3920	-8.2747
3.1700	2.0755	4.6926	2.9962	0.4938	-0.0840	-0.3653	1.4188	-1.2423	-20.9905	-91.3187	354.6907	-310.5719
3.1800	2.0752	4.6911	3.0019	0.4888	-0.0373	-0.1463	0.5672	-0.4955	-3.7313	-14.6321	56.7158	-49.5547
3.2070	2.0744	4.6882	3.0132	0.4789	-0.0296	-0.1089	0.4195	-0.3653	-1.0972	-4.0323	15.5360	-13.5313
3.2410	2.0739	4.6867	3.0189	0.4740	-0.0123	-0.0434	0.1661	-0.1444	-0.3626	-1.2765	4.8847	-4.2465
3.2740	2.0719	4.6808	3.0414	0.4546	-0.0167	-0.0449	0.1702	-0.1467	-0.5067	-1.3614	5.1588	-4.4464
3.2800	2.0702	4.6763	3.0582	0.4401	-0.1015	-0.2499	0.9328	-0.7982	-16.9226	-41.6534	155.4706	-133.0276
3.2900	2.0695	4.6748	3.0637	0.4354	-0.0637	-0.1486	0.5566	-0.4774	-6.3657	-14.8646	55.6565	-47.7370
3.3160	2.0682	4.6718	3.0749	0.4259	-0.0525	-0.1157	0.4288	-0.3651	-2.0192	-4.4507	16.4915	-14.0414
3.3540	2.0665	4.6685	3.0871	0.4155	-0.0426	-0.0873	0.3212	-0.2725	-1.1212	-2.2971	8.4532	-7.1715
3.3880	2.0634	4.6627	3.1081	0.3978	-0.0489	-0.0895	0.3244	-0.2726	-1.4396	-2.6320	9.5419	-8.0187
3.3900	2.0617	4.6597	3.1191	0.3886	-0.4523	-0.7632	2.7458	-2.2927	-226.1460	-381.5823	1372.8881	-1146.3663
3.4010	2.0606	4.6580	3.1251	0.3836	-0.0942	-0.1526	0.5476	-0.4563	-8.5599	-13.8704	49.7782	-41.4781
3.4310	2.0588	4.6551	3.1355	0.3750	-0.0621	-0.0967	0.3457	-0.2871	-2.0707	-3.2229	11.5219	-9.5688
3.4650	2.0557	4.6505	3.1518	0.3616	-0.0617	-0.0911	0.3201	-0.2631	-1.8133	-2.6806	9.4135	-7.7369
3.4980	2.0523	4.6459	3.1680	0.3483	-0.0688	-0.0930	0.3262	-0.2671	-2.0847	-2.8184	9.8848	-8.0935
3.5310	2.0499	4.6428	3.1787	0.3396	-0.0368	-0.0466	0.1623	-0.1319	-1.1162	-1.4129	4.9180	-3.9961
3.5450	2.0448	4.6366	3.2001	0.3224	-0.0945	-0.1108	0.3793	-0.3043	-6.7514	-7.9157	27.0950	-21.7364
3.5500	2.0434	4.6350	3.2053	0.3182	-0.2654	-0.3104	1.0579	-0.8475	-53.0709	-62.0821	211.5810	-169.4993
3.5790	2.0407	4.6319	3.2159	0.3098	-0.0954	-0.1068	0.3629	-0.2897	-3.2903	-3.6815	12.5143	-9.9890
3.6150	2.0378	4.6288	3.2264	0.3015	-0.0807	-0.0866	0.2916	-0.2307	-2.2420	-2.4050	8.1006	-6.4091
3.6470	2.0316	4.6226	3.2471	0.2852	-0.0974	-0.0973	0.3238	-0.2534	-3.0428	-3.0412	10.1180	-7.9188
3.6500	2.0284	4.6195	3.2574	0.2771	-0.5416	-0.5150	1.7089	-1.3302	-180.5263	-171.6821	569.6424	-443.3847
3.6600	2.0267	4.6180	3.2625	0.2732	-0.1655	-0.1551	0.5116	-0.3964	-16.5458	-15.5113	51.1649	-39.6375
3.6930	2.0215	4.6133	3.2778	0.2614	-0.1570	-0.1404	0.4619	-0.3556	-4.7590	-4.2549	13.9958	-10.7763
3.7210	2.0180	4.6102	3.2879	0.2538	-0.1278	-0.1107	0.3602	-0.2746	-4.5660	-3.9536	12.8650	-9.8086
3.7530	2.0102	4.6039	3.3083	0.2383	-0.1841	-0.1502	0.4829	-0.3631	-5.7528	-4.6946	15.0918	-11.3477
3.7880	2.0061	4.6006	3.3187	0.2306	-0.1185	-0.0922	0.2953	-0.2205	-3.3843	-2.6332	8.4378	-6.2999
3.8220	2.0024	4.5979	3.3275	0.2241	-0.0551	-0.0405	0.1292	-0.0954	-1.6211	-1.1914	3.8008	-2.8070
3.8540	1.9939	4.5917	3.3469	0.2100	-0.0679	-0.0482	0.1506	-0.1091	-2.1222	-1.5055	4.7076	-3.4093
3.8600	1.9872	4.5872	3.3612	0.1997	-0.3761	-0.2551	0.7921	-0.5668	-62.6807	-42.5223	132.0231	-94.4694
3.8700	1.9849	4.5856	3.3659	0.1963	-0.2296	-0.1514	0.4718	-0.3371	-22.9576	-15.1434	47.1816	-33.7056
3.9020	1.9802	4.5826	3.3752	0.1896	-0.1463	-0.0940	0.2921	-0.2077	-4.5711	-2.9360	9.1281	-6.4895
3.9350	1.9704	4.5766	3.3937	0.1767	-0.2232	-0.1369	0.4192	-0.2921	-6.7636	-4.1479	12.7017	-8.8527
3.9700	1.9654	4.5736	3.4028	0.1705	-0.1448	-0.0849	0.2598	-0.1791	-4.1376	-2.4262	7.4215	-5.1169
4.0060	1.9575	4.5691	3.4163	0.1613	-0.1388	-0.0787	0.2371	-0.1602	-3.8564	-2.1859	6.5856	-4.4487
4.0220	1.9494	4.5647	3.4296	0.1524	-0.1545	-0.0822	0.2469	-0.1641	-9.6567	-5.1383	15.4298	-10.2575
4.0300	1.9439	4.5618	3.4383	0.1467	-0.3508	-0.1846	0.5461	-0.3563	-43.8536	-23.0713	68.2616	-44.5359
4.0400	1.9410	4.5603	3.4426	0.1439	-0.2841	-0.1455	0.4324	-0.2817	-28.4104	-14.5482	43.2394	-28.1684
4.0690	1.9353	4.5574	3.4513	0.1384	-0.1980	-0.1016	0.2973	-0.1908	-6.8278	-3.5035	10.2507	-6.5778
4.1060	1.9291	4.5543	3.4602	0.1327	-0.1677	-0.0822	0.2407	-0.1528	-4.5331	-2.2204	6.5050	-4.1308
4.1400	1.9172	4.5487	3.4764	0.1226	-0.1809	-0.0844	0.2441	-0.1501	-5.3201	-2.4830	7.1796	-4.4151
4.1730	1.9045	4.5431	3.4927	0.1129	-0.1941	-0.0858	0.2448	-0.1458	-5.8832	-2.5996	7.4194	-4.4180
4.1800	1.8980	4.5403	3.5006	0.1082	-0.4685	-0.1991	0.5654	-0.3305	-66.9306	-28.4430	80.7689	-47.2213
4.1900	1.8947	4.5389	3.5045	0.1059	-0.3323	-0.1377	0.3917	-0.2275	-33.2350	-13.7693	39.1730	-22.7457
4.2220	1.8854	4.5413	3.5061	0.0985	-0.2890	0.0760	0.0481	-0.2327	-9.0317	2.3758	1.5021	-7.2724
4.2550	1.8776	4.5435	3.5057	0.0922	-0.2371	0.0649	-0.0121	-0.1884	-7.1847	1.9656	-0.3669	-5.7102
4.2890	1.8748	4.5443	3.5056	0.0902	-0.0825	0.0240	-0.0032	-0.0591	-2.4275	0.7059	-0.0945	-1.7386
4.3240	1.8629	4.5477	3.5051	0.0826	-0.1726	0.0498	-0.0063	-0.1061	-4.9321	1.4242	-0.1790	-3.0304
4.3560	1.8498	4.5514	3.5046	0.0755	-0.2136	0.0596	-0.0087	-0.1108	-6.6749	1.8618	-0.2731	-3.4637
4.3610	1.8432	4.5533	3.5043	0.0723	-0.6640	0.1791	-0.0315	-0.3186	-132.7925	35.8123	-6.3004	-63.7149
4.3700	1.8402	4.5541	3.5041	0.0709	-0.3389	0.0905	-0.0165	-0.1533	-37.6561	10.0553	-1.8318	-17.0383
4.4040	1.8297	4.5568	3.5036	0.0666	-0.3066	0.0804	-0.0154	-0.1292	-9.0180	2.3640	-0.4534	-3.8010
4.4380	1.8226	4.5586	3.5032	0.0638	-0.2104	0.0534	-0.0115	-0.0796	-6.1891	1.5693	-0.3369	-2.3411
4.4710	1.8115	4.5613	3.5026	0.0601	-0.2243	0.0547	-0.0134	-0.0743	-6.7961	1.6584	-0.4059	-2.2523
4.5040	1.7922	4.5658	3.5013	0.0547	-0.3550	0.0819	-0.0232	-0.0934	-10.7576	2.4814	-0.7043	-2.8296
4.5100	1.7883	4.5667	3.5011	0.0538	-0.6623	0.1480	-0.0444	-0.1545	-110.3754	24.6687	-7.4058	-25.7502
4.5200	1.7842	4.5676	3.5008	0.0529	-0.4013	0.0894	-0.0282	-0.0907	-40.1327	8.9427	-2.8243	-9.0698
4.5500	1.7761	4.5694	3.5002	0.0513	-0.2720	0.0589	-0.0197	-0.0552	-9.0663	1.9638	-0.6552	-1.8399
4.5840	1.7636	4.5720	3.4992	0.0491	-0.2465	0.0510	-0.0188	-0.0404	-7.2491	1.5005	-0.5517	-1.1870
4.6160	1.7506	4.5746	3.4982	0.0474	-0.2712	0.0543	-0.0214	-0.0343	-8.4749	1.6956	-0.6692	-1.0721
4.6510	1.7373	4.5771	3.4971	0.0461	-0.2547	0.0483	-0.0212	-0.0233	-7.2777	1.3789	-0.6046	-0.6650
4.6730	1.7236	4.5796	3.4959	0.0453	-0.2092	0.0377	-0.0181	-0.0109	-9.5070	1.7140	-0.8206	-0.4977
4.6800	1.7142	4.5813	3.4951	0.0449	-0.6067	0.1052	-0.0538	-0.0176	-86.6647	15.0286	-7.6904	-2.5213
4.6910	1.7091	4.5822	3.4946	0.0448	-0.4712	0.0825	-0.0422	-0.0146	-42.8368	7.5014	-3.8342	-1.3304
4.7230	1.7048	4.5829	3.4943	0.0446	-0.1322	0.0230	-0.0116	-0.0039	-4.1319	0.7203	-0.3630	-0.1213
4.7570	1.6821	4.5868	3.4923	0.0439	-0.3938	0.0671	-0.0346	-0.0128	-11.5837	1.9734	-1.0186	-0.3760
4.7880	1.6774	4.5876	3.4919	0.0438	-0.1519	0.0252	-0.0136	-0.0052	-4.9005	0.8119	-0.4381	-0.1671
4.8230	1.6656	4.5895	3.4908	0.0434	-0.1138	0.0181	-0.0106	-0.0041	-3.2524	0.5177	-0.3018	-0.1177
4.8550	1.6473	4.5922	3.4890	0.0426	-0.2077	0.0294	-0.0211	-0.0090	-6.4900	0.9190	-0.6581	-0.2804
4.8600	1.6406	4.5931	3.4883	0.0423	-0.5841	0.0779	-0.0607	-0.0263	-116.8152	15.5866	-12.1433	-5.2641
4.8700	1.6375	4.5935	3.4880	0.0422	-0.3136	0.0405	-0.0339	-0.0159	-31.3579	4.0525	-3.3868	-1.5925
4.9010	1.6316	4.5942	3.4873	0.0419	-0.1915	0.0230	-0.0213	-0.0094	-6.1772	0.7413	-0.6862	-0.3022
4.9350	1.6235	4.5951	3.4864	0.0414	-0.1552	0.0160	-0.0189	-0.0088	-4.5654	0.4715	-0.5552	-0.2577
4.9680	1.6161	4.5957	3.4854	0.0410	-0.1466	0.0120	-0.0197	-0.0098	-4.4427	0.3638	-0.5972	-0.2962
5.0010	1.6102	4.5961	3.4845	0.0405	-0.1212	0.0068	-0.0181	-0.0093	-3.6724	0.2064	-0.5490	-0.2813
5.0300	1.6035	4.5962	3.4834	0.0399	-0.1016	0.0002	-0.0186	-0.0100	-3.5047	0.0056	-0.6411	-0.3448
5.0400	1.6008	4.5961	3.4828	0.0396	-0.1303	-0.0052	-0.0275	-0.0161	-13.0292	-0.5207	-2.7518	-1.6050
5.0500	1.5996	4.5961	3.4825	0.0395	-0.1198	-0.0076	-0.0268	-0.0149	-11.9844	-0.7581	-2.6772	-1.4922
5.0780	1.5975	4.5958	3.4820	0.0391	-0.0754	-0.0083	-0.0191	-0.0112	-2.6921	-0.2949	-0.6833	-0.3989
5.1130	1.5966	4.5957	3.4818	0.0390	-0.0259	-0.0044	-0.0074	-0.0043	-0.7396	-0.1246	-0.2101	-0.1222
5.1450	1.5933	4.5943	3.4802	0.0381	-0.0374	-0.0252	-0.0230	-0.0146	-1.1688	-0.7882	-0.7183	-0.4555
5.1500	1.5931	4.5939	3.4800	0.0379	-0.0370	-0.0652	-0.0479	-0.0328	-7.4059	-13.0498	-9.5728	-6.5547
5.1600	1.5930	4.5936	3.4798	0.0377	-0.0087	-0.0346	-0.0239	-0.0158	-0.8703	-3.4623	-2.3907	-1.5835
5.1930	1.5933	4.5924	3.4791	0.0373	0.0095	-0.0350	-0.0207	-0.0142	0.2891	-1.0603	-0.6266	-0.4310
5.2290	1.5941	4.5915	3.4786	0.0369	0.0210	-0.0260	-0.0127	-0.0088	0.5824	-0.7235	-0.3524	-0.2441
5.2640	1.5958	4.5900	3.4780	0.0365	0.0367	-0.0297	-0.0121	-0.0087	1.0487	-0.8491	-0.3457	-0.2475
5.2970	1.5997	4.5877	3.4772	0.0358	0.0657	-0.0385	-0.0128	-0.0105	1.9917	-1.1670	-0.3864	-0.3185
5.3010	1.6023	4.5863	3.4768	0.0355	0.3832	-0.1999	-0.0556	-0.0473	95.7897	-49.9662	-13.9057	-11.8329
5.3100	1.6034	4.5857	3.4766	0.0354	0.1222	-0.0608	-0.0170	-0.0148	13.5830	-6.7580	-1.8863	-1.6406
5.3320	1.6064	4.5843	3.4763	0.0350	0.1377	-0.0657	-0.0169	-0.0145	6.2569	-2.9882	-0.7682	-0.6609
5.3630	1.6098	4.5828	3.4759	0.0347	0.1078	-0.0492	-0.0115	-0.0102	3.4776	-1.5883	-0.3709	-0.3301
5.3870	1.6135	4.5812	3.4756	0.0344	0.0792	-0.0338	-0.0072	-0.0070	3.2998	-1.4081	-0.2984	-0.2932
5.3900	1.6175	4.5794	3.4752	0.0341	0.6242	-0.2588	-0.0502	-0.0478	208.0505	-86.2519	-16.7454	-15.9454
5.4000	1.6197	4.5786	3.4751	0.0339	0.2165	-0.0883	-0.0159	-0.0153	21.6543	-8.8308	-1.5873	-1.5275
5.4300	1.6220	4.5777	3.4749	0.0338	0.0751	-0.0300	-0.0052	-0.0055	2.5041	-0.9994	-0.1747	-0.1848
5.4580	1.6303	4.5744	3.4744	0.0332	0.2060	-0.0797	-0.0123	-0.0129	7.3556	-2.8476	-0.4390	-0.4610
5.4890	1.6374	4.5717	3.4740	0.0328	0.1689	-0.0636	-0.0088	-0.0097	5.4481	-2.0519	-0.2847	-0.3142
5.5230	1.6463	4.5685	3.4736	0.0323	0.1765	-0.0648	-0.0081	-0.0093	5.1924	-1.9053	-0.2393	-0.2732
5.5540	1.6560	4.5650	3.4732	0.0319	0.1070	-0.0384	-0.0041	-0.0052	3.4502	-1.2379	-0.1311	-0.1666
5.5600	1.6664	4.5613	3.4728	0.0314	0.5918	-0.2097	-0.0190	-0.0259	98.6299	-34.9472	-3.1652	-4.3180
5.5710	1.6704	4.5598	3.4727	0.0312	0.3652	-0.1281	-0.0119	-0.0166	33.2021	-11.6470	-1.0800	-1.5085
5.6040	1.6814	4.5560	3.4724	0.0307	0.3334	-0.1166	-0.0097	-0.0139	10.1037	-3.5344	-0.2940	-0.4215
5.6340	1.6854	4.5546	3.4723	0.0306	0.1320	-0.0459	-0.0034	-0.0053	4.4016	-1.5284	-0.1135	-0.1763
5.6670	1.6977	4.5503	3.4720	0.0301	0.1276	-0.0440	-0.0029	-0.0049	3.8674	-1.3344	-0.0878	-0.1472
5.7000	1.7153	4.5443	3.4716	0.0294	0.2704	-0.0930	-0.0055	-0.0095	8.1936	-2.8196	-0.1674	-0.2885
5.7330	1.7293	4.5395	3.4714	0.0290	0.1436	-0.0491	-0.0025	-0.0048	4.3526	-1.4882	-0.0753	-0.1464
5.7400	1.7440	4.5345	3.4711	0.0285	0.7094	-0.2431	-0.0106	-0.0229	101.3421	-34.7319	-1.5144	-3.2658
5.7500	1.7490	4.5327	3.4711	0.0283	0.5028	-0.1727	-0.0069	-0.0151	50.2848	-17.2739	-0.6854	-1.5117
5.7820	1.7541	4.5310	3.4710	0.0282	0.1595	-0.0546	-0.0022	-0.0052	4.9854	-1.7063	-0.0678	-0.1638
5.8160	1.7699	4.5256	3.4708	0.0277	0.1569	-0.0541	-0.0017	-0.0044	4.6144	-1.5925	-0.0498	-0.1304
5.8440	1.7988	4.5156	3.4705	0.0269	0.6434	-0.2228	-0.0058	-0.0178	22.9798	-7.9570	-0.2084	-0.6368
5.8780	1.8092	4.5119	3.4704	0.0266	0.3070	-0.1067	-0.0026	-0.0086	9.0302	-3.1376	-0.0773	-0.2535
5.9110	1.8332	4.5036	3.4703	0.0260	0.5479	-0.1918	-0.0035	-0.0141	16.6016	-5.8135	-0.1068	-0.4264
5.9450	1.8519	4.4970	3.4702	0.0255	0.3681	-0.1301	-0.0018	-0.0093	10.8251	-3.8264	-0.0531	-0.2722
5.9500	1.8647	4.4924	3.4701	0.0252	1.2840	-0.4572	-0.0045	-0.0296	256.8046	-91.4323	-0.8904	-5.9183
5.9600	1.8711	4.4901	3.4701	0.0250	0.6491	-0.2315	-0.0030	-0.0164	64.9127	-23.1501	-0.2997	-1.6371
5.9800	1.8843	4.4854	3.4701	0.0247	0.6589	-0.2362	-0.0020	-0.0150	32.9463	-11.8109	-0.0998	-0.7510
6.0140	1.8977	4.4805	3.4700	0.0244	0.3945	-0.1422	-0.0010	-0.0092	11.6024	-4.1818	-0.0286	-0.2692
6.0470	1.9114	4.4756	3.4700	0.0241	0.2084	-0.0758	-0.0003	-0.0049	6.3159	-2.2961	-0.0091	-0.1470
6.0790	1.9466	4.4627	3.4700	0.0233	0.6657	-0.2454	-0.0004	-0.0144	20.8025	-7.6683	-0.0133	-0.4490
6.1130	1.9611	4.4573	3.4700	0.0230	0.4263	-0.1587	0.0001	-0.0090	12.5383	-4.6663	0.0031	-0.2650
6.1460	1.9840	4.4486	3.4700	0.0226	0.2038	-0.0769	0.0002	-0.0042	6.1748	-2.3316	0.0059	-0.1283
6.1500	2.0060	4.4403	3.4700	0.0221	1.9048	-0.7268	0.0030	-0.0378	476.2119	-181.6970	0.7581	-9.4468
6.1600	2.0137	4.4373	3.4700	0.0220	0.7691	-0.2954	0.0011	-0.0155	76.9093	-29.5363	0.1121	-1.5460
6.1940	2.0378	4.4280	3.4701	0.0215	0.7100	-0.2747	0.0018	-0.0134	20.8828	-8.0797	0.0529	-0.3933
6.2270	2.0529	4.4221	3.4701	0.0212	0.4560	-0.1784	0.0013	-0.0088	13.8197	-5.4071	0.0408	-0.2659
6.2600	2.0852	4.4093	3.4702	0.0206	0.7369	-0.2929	0.0025	-0.0136	22.3316	-8.8750	0.0767	-0.4118
6.2820	2.1099	4.3993	3.4703	0.0202	0.7520	-0.3036	0.0033	-0.0134	34.1808	-13.7997	0.1499	-0.6079
6.2900	2.1191	4.3956	3.4704	0.0200	1.1466	-0.4666	0.0044	-0.0212	143.3248	-58.3309	0.5520	-2.6520
6.3000	2.1266	4.3925	3.4704	0.0199	0.7545	-0.3089	0.0032	-0.0129	75.4478	-30.8887	0.3178	-1.2889
6.3310	2.1521	4.3820	3.4705	0.0195	0.8207	-0.3387	0.0040	-0.0141	26.4750	-10.9244	0.1304	-0.4542
6.3640	2.1607	4.3784	3.4706	0.0193	0.2603	-0.1085	0.0015	-0.0044	7.8876	-3.2865	0.0440	-0.1338
6.3930	2.1955	4.3637	3.4708	0.0187	0.6024	-0.2553	0.0035	-0.0100	20.7728	-8.8050	0.1206	-0.3438
6.4240	2.2140	4.3558	3.4709	0.0184	0.3137	-0.1347	0.0019	-0.0052	10.1181	-4.3453	0.0614	-0.1670
6.4570	2.2489	4.3406	3.4711	0.0179	0.5446	-0.2379	0.0038	-0.0087	16.5037	-7.2088	0.1147	-0.2636
6.4890	2.2762	4.3286	3.4713	0.0174	0.5701	-0.2527	0.0041	-0.0091	17.8168	-7.8978	0.1279	-0.2833
6.5230	2.3047	4.3157	3.4715	0.0170	0.5698	-0.2570	0.0042	-0.0086	16.7581	-7.5602	0.1236	-0.2535
6.5560	2.3506	4.2947	3.4719	0.0163	0.8254	-0.3811	0.0065	-0.0120	25.0130	-11.5473	0.1981	-0.3635
6.5610	2.3610	4.2898	3.4719	0.0162	2.0818	-0.9715	0.0173	-0.0303	416.3507	-194.2928	3.4554	-6.0562
6.5700	2.3695	4.2858	3.4720	0.0161	0.9499	-0.4459	0.0079	-0.0132	105.5432	-49.5419	0.8776	-1.4654
6.6030	2.3819	4.2800	3.4721	0.0159	0.3750	-0.1768	0.0033	-0.0054	11.3624	-5.3586	0.1010	-0.1629
6.6360	2.4078	4.2676	3.4723	0.0155	0.2919	-0.1398	0.0025	-0.0039	8.8440	-4.2376	0.0772	-0.1196
6.6660	2.4369	4.2535	3.4726	0.0151	0.2917	-0.1421	0.0025	-0.0041	9.7224	-4.7376	0.0834	-0.1373
6.6980	2.4760	4.2342	3.4730	0.0146	0.5522	-0.2744	0.0052	-0.0073	17.2569	-8.5765	0.1613	-0.2295
6.7310	2.5057	4.2192	3.4732	0.0142	0.6000	-0.3029	0.0056	-0.0080	18.1830	-9.1797	0.1711	-0.2430
6.7630	2.5456	4.1987	3.4736	0.0136	0.5943	-0.3070	0.0059	-0.0078	18.5730	-9.5938	0.1831	-0.2440
6.7710	2.5667	4.1877	3.4739	0.0134	1.3818	-0.7237	0.0140	-0.0166	172.7260	-90.4680	1.7509	-2.0787
6.7800	2.5758	4.1829	3.4739	0.0132	1.0093	-0.5310	0.0104	-0.0140	112.1469	-59.0054	1.1601	-1.5537
6.7960	2.5869	4.1771	3.4741	0.0131	0.6956	-0.3683	0.0074	-0.0087	43.4752	-23.0157	0.4609	-0.5440
6.8190	2.6062	4.1668	3.4743	0.0129	0.8376	-0.4469	0.0087	-0.0107	36.4172	-19.4325	0.3779	-0.4667
6.8520	2.6470	4.1446	3.4747	0.0124	1.2366	-0.6710	0.0135	-0.0153	37.4721	-20.3324	0.4091	-0.4637
6.8850	2.6675	4.1333	3.4749	0.0121	0.6219	-0.3433	0.0068	-0.0076	18.8443	-10.4025	0.2058	-0.2303
6.8900	2.6881	4.1218	3.4752	0.0119	2.0607	-1.1541	0.0233	-0.0245	412.1305	-230.8103	4.6655	-4.8985
6.9000	2.6984	4.1160	3.4753	0.0117	1.0326	-0.5814	0.0112	-0.0135	103.2560	-58.1395	1.1226	-1.3525
6.9320	2.7088	4.1101	3.4754	0.0116	0.3232	-0.1830	0.0036	-0.0037	10.1004	-5.7198	0.1136	-0.1144
6.9620	2.7503	4.0863	3.4759	0.0111	0.6937	-0.4003	0.0081	-0.0080	23.1218	-13.3432	0.2714	-0.2655
6.9940	2.7711	4.0741	3.4761	0.0109	0.3263	-0.1911	0.0037	-0.0037	10.1962	-5.9728	0.1159	-0.1166
7.0270	2.8130	4.0493	3.4766	0.0104	0.6346	-0.3792	0.0075	-0.0071	19.2311	-11.4906	0.2268	-0.2154
7.0610	2.8655	4.0172	3.4773	0.0098	1.2056	-0.7368	0.0150	-0.0134	35.4586	-21.6705	0.4400	-0.3933
7.0940	2.8760	4.0107	3.4774	0.0097	0.3196	-0.1980	0.0039	-0.0037	9.6840	-6.0011	0.1197	-0.1133
7.1000	2.9077	3.9909	3.4778	0.0093	1.7582	-1.1097	0.0215	-0.0194	293.0321	-184.9496	3.5868	-3.2271
7.1100	2.9182	3.9842	3.4779	0.0092	1.0557	-0.6694	0.0132	-0.0118	105.5679	-66.9445	1.3193	-1.1828
7.1400	2.9394	3.9707	3.4782	0.0090	0.7039	-0.4499	0.0092	-0.0075	23.4643	-14.9951	0.3071	-0.2496
7.1710	2.9711	3.9501	3.4786	0.0086	0.6820	-0.4438	0.0088	-0.0076	21.9993	-14.3148	0.2836	-0.2442
7.2070	3.0028	3.9292	3.4790	0.0083	0.5593	-0.3700	0.0074	-0.0060	15.5348	-10.2768	0.2063	-0.1656
7.2430	3.0251	3.9143	3.4793	0.0081	0.3235	-0.2172	0.0043	-0.0034	8.9865	-6.0338	0.1183	-0.0941
7.2760	3.0664	3.8861	3.4799	0.0076	0.3207	-0.2203	0.0044	-0.0030	9.7167	-6.6745	0.1328	-0.0923
7.2810	3.0992	3.8633	3.4803	0.0073	2.3274	-1.6259	0.0319	-0.0248	465.4718	-325.1808	6.3830	-4.9693
7.2900	3.1087	3.8567	3.4805	0.0072	1.0584	-0.7434	0.0148	-0.0103	117.6015	-82.6016	1.6422	-1.1490
7.3200	3.1193	3.8492	3.4806	0.0071	0.3524	-0.2489	0.0049	-0.0036	11.7474	-8.2954	0.1634	-0.1184
7.3490	3.1616	3.8189	3.4812	0.0067	1.0931	-0.7853	0.0153	-0.0109	37.6927	-27.0797	0.5292	-0.3765
7.3830	3.1827	3.8035	3.4815	0.0065	0.6211	-0.4528	0.0088	-0.0061	18.2689	-13.3178	0.2582	-0.1809
7.4170	3.2354	3.7643	3.4822	0.0059	0.9286	-0.6942	0.0134	-0.0091	27.3123	-20.4185	0.3941	-0.2666
7.4200	3.2459	3.7564	3.4824	0.0058	3.5010	-2.6485	0.0512	-0.0315	1166.9901	-882.8267	17.0582	-10.4839
7.4300	3.2564	3.7484	3.4826	0.0057	1.0499	-0.7980	0.0152	-0.0100	104.9852	-79.8005	1.5156	-0.9952
7.4600	3.2773	3.7323	3.4829	0.0055	0.6987	-0.5362	0.0103	-0.0069	23.2912	-17.8724	0.3427	-0.2311
7.4930	3.2993	3.7153	3.4832	0.0053	0.3483	-0.2711	0.0052	-0.0032	10.5559	-8.2151	0.1566	-0.0970
7.5260	3.3295	3.6915	3.4836	0.0050	0.3160	-0.2501	0.0047	-0.0029	9.5766	-7.5799	0.1436	-0.0890
7.5610	3.3721	3.6573	3.4843	0.0046	0.6215	-0.5018	0.0094	-0.0059	17.7566	-14.3358	0.2685	-0.1686
7.5880	3.4031	3.6320	3.4848	0.0043	0.4197	-0.3455	0.0065	-0.0038	15.5434	-12.7972	0.2409	-0.1397
7.5900	3.4226	3.6157	3.4851	0.0042	5.1430	-4.2860	0.0808	-0.0436	2571.5238	-2143.0129	40.3812	-21.7977
7.6000	3.4329	3.6071	3.4852	0.0041	1.0261	-0.8592	0.0157	-0.0098	102.6092	-85.9239	1.5683	-0.9823
7.6310	3.4544	3.5889	3.4856	0.0039	0.6937	-0.5861	0.0107	-0.0064	22.3770	-18.9050	0.3455	-0.2049
7.6610	3.4839	3.5636	3.4860	0.0036	0.6785	-0.5830	0.0106	-0.0065	22.6162	-19.4326	0.3536	-0.2158
7.6940	3.5043	3.5460	3.4863	0.0034	0.3073	-0.2678	0.0049	-0.0026	9.3128	-8.1147	0.1470	-0.0781
7.7300	3.5646	3.4923	3.4873	0.0029	1.1155	-0.9971	0.0180	-0.0097	30.9875	-27.6982	0.4998	-0.2708
7.7610	3.5955	3.4641	3.4878	0.0026	0.9963	-0.9082	0.0164	-0.0086	32.1398	-29.2981	0.5286	-0.2762
7.7700	3.6045	3.4559	3.4880	0.0025	0.9924	-0.9144	0.0161	-0.0085	110.2717	-101.6051	1.7886	-0.9495
7.7800	3.6143	3.4468	3.4881	0.0025	0.9881	-0.9158	0.0167	-0.0092	98.8124	-91.5838	1.6711	-0.9232
7.8160	3.6242	3.4376	3.4883	0.0024	0.2739	-0.2556	0.0045	-0.0022	7.6094	-7.0990	0.1261	-0.0623
7.8500	3.6634	3.4005	3.4889	0.0020	0.5749	-0.5465	0.0096	-0.0051	16.9093	-16.0740	0.2828	-0.1487
7.8830	3.7022	3.3629	3.4896	0.0017	0.5867	-0.5708	0.0100	-0.0051	17.7787	-17.2972	0.3020	-0.1552
7.8900	3.7215	3.3440	3.4899	0.0015	1.3720	-1.3532	0.0240	-0.0104	196.0015	-193.3127	3.4248	-1.4826
7.9010	3.7320	3.3336	3.4901	0.0014	0.9575	-0.9498	0.0165	-0.0087	87.0475	-86.3417	1.4957	-0.7867
7.9230	3.7415	3.3240	3.4903	0.0014	0.4342	-0.4335	0.0073	-0.0037	19.7377	-19.7048	0.3313	-0.1690
7.9400	3.7691	3.2963	3.4907	0.0011	1.0589	-1.0722	0.0180	-0.0090	62.2865	-63.0688	1.0588	-0.5304
7.9730	3.7879	3.2770	3.4911	0.0010	0.5712	-0.5845	0.0099	-0.0048	17.3090	-17.7124	0.3004	-0.1456
7.9950	3.8066	3.2576	3.4914	0.0008	0.4242	-0.4400	0.0074	-0.0037	19.2811	-20.0006	0.3342	-0.1683
8.0000	3.8252	3.2382	3.4917	0.0007	1.8555	-1.9478	0.0329	-0.0150	371.0902	-389.5513	6.5754	-2.9992
8.0110	3.8354	3.2274	3.4919	0.0006	0.9257	-0.9767	0.0165	-0.0077	84.1507	-88.7913	1.5017	-0.6991
8.0440	3.8629	3.1981	3.4924	0.0004	0.8339	-0.8904	0.0150	-0.0067	25.2688	-26.9817	0.4538	-0.2026
8.0780	3.8801	3.1794	3.4927	0.0002	0.5077	-0.5498	0.0090	-0.0043	14.9331	-16.1715	0.2643	-0.1258
8.1110	3.8982	3.1596	3.4930	0.0001	0.2730	-0.2996	0.0051	-0.0022	8.2726	-9.0792	0.1532	-0.0670
8.1450	3.9339	3.1198	3.4937	-0.0002	0.2610	-0.2932	0.0048	-0.0021	7.6773	-8.6234	0.1409	-0.0615
8.1500	3.9603	3.0898	3.4941	-0.0004	1.7527	-2.0026	0.0319	-0.0135	350.5327	-400.5145	6.3844	-2.7046
8.1600	3.9691	3.0798	3.4943	-0.0005	0.8728	-1.0027	0.0163	-0.0067	87.2796	-100.2739	1.6301	-0.6707
8.1920	3.9873	3.0587	3.4946	-0.0006	0.5695	-0.6595	0.0105	-0.0045	17.7954	-20.6093	0.3269	-0.1415
8.2260	4.0036	3.0396	3.4950	-0.0008	0.2526	-0.2966	0.0047	-0.0022	7.4307	-8.7228	0.1388	-0.0648
8.2560	4.0292	3.0092	3.4954	-0.0010	0.2827	-0.3377	0.0053	-0.0023	9.4240	-11.2573	0.1777	-0.0770
8.2880	4.0544	2.9788	3.4959	-0.0012	0.2610	-0.3170	0.0050	-0.0019	8.1550	-9.9057	0.1557	-0.0609
8.3220	4.0792	2.9482	3.4964	-0.0014	0.2424	-0.2994	0.0046	-0.0019	7.1280	-8.8044	0.1350	-0.0548
8.3540	4.1118	2.9074	3.4970	-0.0016	0.2529	-0.3193	0.0049	-0.0021	7.9023	-9.9794	0.1537	-0.0645
8.3600	4.1358	2.8767	3.4975	-0.0018	1.3288	-1.7076	0.0263	-0.0104	221.4608	-284.5918	4.3767	-1.7290
8.3700	4.1438	2.8665	3.4976	-0.0019	0.7933	-1.0246	0.0155	-0.0065	79.3343	-102.4596	1.5541	-0.6497
8.4010	4.1595	2.8459	3.4979	-0.0020	0.5077	-0.6618	0.0098	-0.0039	16.3769	-21.3492	0.3170	-0.1265
8.4350	4.1828	2.8151	3.4984	-0.0022	0.4557	-0.6038	0.0090	-0.0035	13.4044	-17.7581	0.2635	-0.1028
8.4670	4.1981	2.7946	3.4987	-0.0023	0.2389	-0.3210	0.0047	-0.0019	7.4642	-10.0321	0.1481	-0.0586
8.5010	4.2208	2.7638	3.4992	-0.0024	0.2208	-0.3015	0.0045	-0.0013	6.4931	-8.8683	0.1333	-0.0383
8.5340	4.2578	2.7124	3.4999	-0.0027	0.4440	-0.6225	0.0089	-0.0031	13.4533	-18.8643	0.2711	-0.0935
8.5400	4.2723	2.6918	3.5002	-0.0028	0.8410	-1.1971	0.0169	-0.0061	140.1661	-199.5114	2.8233	-1.0169
8.5500	4.2795	2.6816	3.5004	-0.0029	0.7181	-1.0265	0.0146	-0.0064	71.8051	-102.6482	1.4615	-0.6407
8.5780	4.2937	2.6611	3.5006	-0.0030	0.5084	-0.7331	0.0105	-0.0035	18.1566	-26.1833	0.3739	-0.1234
8.6070	4.3147	2.6303	3.5011	-0.0031	0.7251	-1.0598	0.0150	-0.0055	25.0028	-36.5451	0.5171	-0.1887
8.6390	4.3354	2.5996	3.5015	-0.0033	0.6453	-0.9598	0.0133	-0.0049	20.1654	-29.9934	0.4145	-0.1544
8.6730	4.3623	2.5588	3.5021	-0.0035	0.7920	-1.2008	0.0167	-0.0058	23.2943	-35.3189	0.4907	-0.1707
8.7080	4.3689	2.5486	3.5022	-0.0035	0.1893	-0.2913	0.0040	-0.0013	5.4094	-8.3225	0.1131	-0.0361
8.7100	4.3885	2.5181	3.5026	-0.0037	3.2439	-5.0718	0.0682	-0.0242	1621.9613	-2535.9048	34.1214	-12.0916
8.7200	4.3950	2.5080	3.5028	-0.0037	0.6446	-1.0136	0.0139	-0.0044	64.4608	-101.3650	1.3897	-0.4351
8.7480	4.4077	2.4877	3.5030	-0.0038	0.4556	-0.7228	0.0097	-0.0031	16.2723	-25.8129	0.3482	-0.1108
8.7740	4.4141	2.4776	3.5032	-0.0039	0.2426	-0.3877	0.0052	-0.0018	9.3315	-14.9130	0.2012	-0.0708
8.8070	4.4327	2.4474	3.5036	-0.0040	0.1873	-0.3049	0.0042	-0.0012	5.6743	-9.2380	0.1266	-0.0376
8.8390	4.4570	2.4074	3.5041	-0.0042	0.3769	-0.6247	0.0083	-0.0027	11.7770	-19.5209	0.2582	-0.0859
8.8730	4.4689	2.3875	3.5044	-0.0043	0.1740	-0.2927	0.0037	-0.0011	5.1163	-8.6102	0.1102	-0.0311
8.9060	4.4979	2.3379	3.5050	-0.0045	0.3297	-0.5680	0.0075	-0.0023	9.9905	-17.2136	0.2266	-0.0701
8.9100	4.5092	2.3183	3.5053	-0.0046	1.4029	-2.4529	0.0311	-0.0108	350.7348	-613.2195	7.7686	-2.6904
8.9200	4.5147	2.3085	3.5054	-0.0046	0.5564	-0.9779	0.0120	-0.0034	55.6427	-97.7903	1.1959	-0.3356
8.9510	4.5312	2.2793	3.5057	-0.0047	0.5304	-0.9432	0.0117	-0.0039	17.1101	-30.4265	0.3770	-0.1255
8.9850	4.5424	2.2589	3.5060	-0.0048	0.3312	-0.5977	0.0074	-0.0022	9.7422	-17.5786	0.2162	-0.0638
9.0140	4.5577	2.2311	3.5063	-0.0049	0.3613	-0.6619	0.0081	-0.0024	12.4569	-22.8237	0.2783	-0.0840
9.0470	4.5731	2.2024	3.5067	-0.0050	0.3098	-0.5775	0.0069	-0.0019	9.3893	-17.5008	0.2084	-0.0577
9.0810	4.5832	2.1835	3.5069	-0.0051	0.1473	-0.2783	0.0033	-0.0011	4.3314	-8.1861	0.0978	-0.0328
9.1130	4.6127	2.1265	3.5076	-0.0053	0.4635	-0.9000	0.0105	-0.0033	14.4852	-28.1253	0.3284	-0.1018
9.1210	4.6174	2.1173	3.5077	-0.0053	0.5873	-1.1539	0.0135	-0.0036	73.4108	-144.2341	1.6854	-0.4484
9.1300	4.6216	2.1090	3.5078	-0.0054	0.4666	-0.9208	0.0104	-0.0037	51.8410	-102.3109	1.1537	-0.4101
9.1610	4.6354	2.0816	3.5081	-0.0055	0.4426	-0.8830	0.0100	-0.0033	14.2773	-28.4835	0.3235	-0.1059
9.1940	4.6399	2.0726	3.5082	-0.0055	0.1363	-0.2752	0.0029	-0.0008	4.1314	-8.3403	0.0894	-0.0248
9.2300	4.6621	2.0269	3.5087	-0.0056	0.3719	-0.7667	0.0084	-0.0025	10.3293	-21.2959	0.2325	-0.0684
9.2570	4.6701	2.0102	3.5089	-0.0057	0.2965	-0.6196	0.0068	-0.0019	10.9823	-22.9472	0.2521	-0.0715
9.2890	4.6784	1.9927	3.5091	-0.0057	0.1286	-0.2723	0.0029	-0.0008	4.0190	-8.5102	0.0912	-0.0246
9.3220	4.6905	1.9668	3.5093	-0.0058	0.1211	-0.2607	0.0027	-0.0007	3.6686	-7.9004	0.0824	-0.0222
9.3550	4.7061	1.9329	3.5097	-0.0059	0.1162	-0.2554	0.0027	-0.0010	3.5207	-7.7399	0.0815	-0.0308
9.3600	4.7173	1.9079	3.5099	-0.0060	0.7416	-1.6555	0.0164	-0.0057	148.3224	-331.0946	3.2748	-1.1332
9.3710	4.7210	1.8997	3.5100	-0.0060	0.3330	-0.7479	0.0077	-0.0016	30.2716	-67.9885	0.7004	-0.1436
9.4020	4.7282	1.8834	3.5102	-0.0061	0.2328	-0.5264	0.0051	-0.0017	7.5094	-16.9806	0.1660	-0.0548
9.4340	4.7387	1.8592	3.5104	-0.0062	0.2184	-0.5022	0.0048	-0.0014	6.8263	-15.6944	0.1488	-0.0442
9.4590	4.7455	1.8434	3.5105	-0.0062	0.1354	-0.3157	0.0029	-0.0008	5.4156	-12.6272	0.1142	-0.0320
9.4600	4.7522	1.8277	3.5107	-0.0062	2.6508	-6.2426	0.0551	-0.0136	2650.7823	-6242.6340	55.1164	-13.5928
9.4700	4.7555	1.8200	3.5108	-0.0063	0.3276	-0.7745	0.0071	-0.0022	32.7600	-77.4520	0.7127	-0.2152
9.4990	4.7587	1.8123	3.5108	-0.0063	0.1117	-0.2656	0.0024	-0.0007	3.8516	-9.1594	0.0833	-0.0250
9.5340	4.7682	1.7895	3.5110	-0.0064	0.1795	-0.4321	0.0039	-0.0011	5.1289	-12.3462	0.1105	-0.0326
9.5650	4.7806	1.7591	3.5113	-0.0064	0.1929	-0.4741	0.0039	-0.0014	6.2221	-15.2950	0.1263	-0.0457
9.5710	4.7864	1.7447	3.5114	-0.0065	0.5303	-1.3200	0.0103	-0.0032	88.3835	-220.0025	1.7205	-0.5273
9.5800	4.7890	1.7382	3.5115	-0.0065	0.2856	-0.7150	0.0059	-0.0014	31.7316	-79.4470	0.6591	-0.1564
9.6120	4.7974	1.7171	3.5116	-0.0065	0.2611	-0.6599	0.0051	-0.0017	8.1604	-20.6220	0.1592	-0.0529
9.6320	4.8030	1.7027	3.5117	-0.0066	0.2828	-0.7228	0.0056	-0.0019	14.1387	-36.1404	0.2798	-0.0941
9.6410	4.8056	1.6959	3.5118	-0.0066	0.2932	-0.7553	0.0059	-0.0018	32.5774	-83.9182	0.6578	-0.2050
9.6500	4.8080	1.6898	3.5118	-0.0066	0.2613	-0.6765	0.0049	-0.0015	29.0344	-75.1698	0.5483	-0.1622
9.6830	4.8131	1.6765	3.5119	-0.0066	0.1543	-0.4027	0.0029	-0.0010	4.6762	-12.2016	0.0872	-0.0306
9.7150	4.8205	1.6570	3.5121	-0.0067	0.1525	-0.4036	0.0028	-0.0010	4.7655	-12.6112	0.0864	-0.0311
9.7480	4.8275	1.6381	3.5122	-0.0067	0.1414	-0.3801	0.0024	-0.0008	4.2835	-11.5174	0.0717	-0.0240
9.7790	4.8343	1.6198	3.5123	-0.0068	0.1440	-0.3926	0.0023	-0.0008	4.6457	-12.6649	0.0755	-0.0245
9.8120	4.8407	1.6020	3.5124	-0.0068	0.1290	-0.3566	0.0019	-0.0009	3.9098	-10.8065	0.0586	-0.0265
9.8410	4.8507	1.5738	3.5125	-0.0069	0.2041	-0.5767	0.0025	-0.0012	7.0381	-19.8868	0.0871	-0.0412
9.8510	4.8528	1.5678	3.5125	-0.0069	0.2097	-0.5982	0.0023	-0.0016	20.9750	-59.8155	0.2350	-0.1599
9.8600	4.8545	1.5630	3.5126	-0.0069	0.1873	-0.5362	0.0027	-0.0008	20.8095	-59.5801	0.3052	-0.0939
9.8930	4.8564	1.5577	3.5126	-0.0069	0.0560	-0.1606	0.0006	-0.0004	1.6960	-4.8681	0.0190	-0.0123
9.9280	4.8634	1.5372	3.5127	-0.0069	0.0987	-0.2883	0.0009	-0.0005	2.8195	-8.2380	0.0256	-0.0152
9.9610	4.8669	1.5269	3.5127	-0.0070	0.0549	-0.1622	0.0004	-0.0002	1.6640	-4.9166	0.0134	-0.0063
9.9930	4.8745	1.5042	3.5127	-0.0070	0.0934	-0.2825	0.0004	-0.0004	2.9201	-8.8278	0.0111	-0.0128
10.0000	4.8774	1.4954	3.5127	-0.0070	0.2037	-0.6212	0.0003	-0.0014	29.0937	-88.7384	0.0432	-0.2011
10.0110	4.8789	1.4907	3.5127	-0.0070	0.1381	-0.4235	-0.0000	-0.0009	12.5550	-38.5036	-0.0019	-0.0777
10.0400	4.8801	1.4870	3.5127	-0.0070	0.0420	-0.1295	-0.0000	-0.0002	1.4466	-4.4647	-0.0005	-0.0075
10.0730	4.8864	1.4673	3.5127	-0.0071	0.1120	-0.3516	-0.0006	-0.0005	3.3929	-10.6543	-0.0181	-0.0147
10.1080	4.8877	1.4632	3.5127	-0.0071	0.0368	-0.1166	-0.0003	-0.0003	1.0504	-3.3319	-0.0078	-0.0082
10.1410	4.8940	1.4429	3.5126	-0.0071	0.1255	-0.4072	-0.0020	-0.0005	3.8044	-12.3405	-0.0591	-0.0151
10.1750	4.8959	1.4368	3.5126	-0.0071	0.0552	-0.1819	-0.0012	-0.0003	1.6224	-5.3491	-0.0356	-0.0089
10.1800	4.8983	1.4300	3.5121	-0.0073	0.2843	-0.7010	-0.0952	-0.0311	56.8677	-140.2017	-19.0317	-6.2254
10.1900	4.9016	1.4234	3.5101	-0.0076	0.3387	-0.6553	-0.1985	-0.0302	33.8727	-65.5326	-19.8457	-3.0246
10.2240	4.9113	1.4071	3.5030	-0.0081	0.2839	-0.4795	-0.2082	-0.0147	8.3507	-14.1021	-6.1248	-0.4314
10.2570	4.9233	1.3900	3.4923	-0.0084	0.1889	-0.2593	-0.1751	-0.0048	5.7245	-7.8570	-5.3072	-0.1445
10.2890	4.9533	1.3539	3.4611	-0.0088	0.4954	-0.5730	-0.5310	-0.0052	15.4812	-17.9065	-16.5952	-0.1638
10.3230	4.9683	1.3375	3.4443	-0.0089	0.2888	-0.3121	-0.3260	-0.0016	8.4938	-9.1806	-9.5868	-0.0463
10.3580	4.9969	1.3072	3.4111	-0.0090	0.2226	-0.2343	-0.2622	-0.0003	6.3597	-6.6942	-7.4906	-0.0081
10.3600	5.0204	1.2825	3.3830	-0.0090	3.9219	-4.1106	-4.7228	0.0015	1960.9493	-2055.2970	-2361.4060	0.7326
10.3700	5.0282	1.2742	3.3734	-0.0090	0.7850	-0.8231	-0.9528	0.0010	78.4964	-82.3117	-95.2777	0.0999
10.4050	5.0439	1.2578	3.3543	-0.0089	0.4464	-0.4700	-0.5472	0.0008	12.7557	-13.4288	-15.6332	0.0217
10.4370	5.0748	1.2251	3.3155	-0.0089	0.6995	-0.7408	-0.8785	0.0023	21.8596	-23.1499	-27.4518	0.0727
10.4700	5.1050	1.1934	3.2767	-0.0087	0.9151	-0.9620	-1.1781	0.0033	27.7309	-29.1512	-35.7005	0.0999
10.4990	5.1199	1.1773	3.2572	-0.0087	0.5131	-0.5527	-0.6695	0.0025	17.6921	-19.0571	-23.0856	0.0871
10.5020	5.1295	1.1668	3.2446	-0.0086	3.1905	-3.5193	-4.1999	0.0176	1063.4858	-1173.0900	-1399.9766	5.8598
10.5100	5.1346	1.1611	3.2379	-0.0086	0.6390	-0.7126	-0.8469	0.0033	79.8791	-89.0692	-105.8569	0.4184
10.5440	5.1561	1.1368	3.2090	-0.0085	0.6337	-0.7153	-0.8497	0.0035	18.6395	-21.0392	-24.9906	0.1019
10.5770	5.1702	1.1204	3.1899	-0.0084	0.4261	-0.4944	-0.5785	0.0024	12.9112	-14.9828	-17.5301	0.0725
10.6120	5.1908	1.0961	3.1615	-0.0083	0.3712	-0.4410	-0.5128	0.0022	10.6058	-12.5993	-14.6516	0.0621
10.6470	5.2181	1.0628	3.1232	-0.0081	0.3954	-0.4868	-0.5588	0.0024	11.2977	-13.9087	-15.9656	0.0680
10.6510	5.2311	1.0467	3.1046	-0.0080	1.7758	-2.2121	-2.5482	0.0116	443.9517	-553.0161	-637.0556	2.9019
10.6600	5.2368	1.0395	3.0963	-0.0080	0.6390	-0.8009	-0.9224	0.0041	70.9991	-88.9896	-102.4918	0.4503
10.6930	5.2432	1.0315	3.0871	-0.0079	0.1922	-0.2424	-0.2788	0.0013	5.8257	-7.3454	-8.4488	0.0388
10.7300	5.2679	0.9997	3.0506	-0.0078	0.3320	-0.4285	-0.4914	0.0023	8.9716	-11.5817	-13.2804	0.0621
10.7660	5.2919	0.9682	3.0146	-0.0076	0.3289	-0.4367	-0.4984	0.0025	9.1365	-12.1294	-13.8439	0.0696
10.7700	5.3035	0.9526	2.9968	-0.0075	1.4464	-1.9474	-2.2257	0.0109	361.6011	-486.8375	-556.4264	2.7261
10.7800	5.3092	0.9448	2.9879	-0.0075	0.5720	-0.7768	-0.8859	0.0046	57.1970	-77.6788	-88.5916	0.4563
10.8150	5.3205	0.9294	2.9703	-0.0074	0.3220	-0.4413	-0.5034	0.0025	9.2013	-12.6075	-14.3815	0.0719
10.8500	5.3315	0.9140	2.9528	-0.0073	0.1574	-0.2191	-0.2495	0.0012	4.4978	-6.2595	-7.1278	0.0353
10.8870	5.3531	0.8836	2.9181	-0.0071	0.1437	-0.2051	-0.2331	0.0013	3.8825	-5.5421	-6.3002	0.0344
10.8900	5.3688	0.8611	2.8924	-0.0070	1.7236	-2.5005	-2.8422	0.0154	574.5497	-833.4840	-947.3986	5.1449
10.9000	5.3739	0.8536	2.8839	-0.0069	0.5112	-0.7471	-0.8498	0.0048	51.1190	-74.7070	-84.9782	0.4780
10.9350	5.3795	0.8454	2.8746	-0.0069	0.1594	-0.2343	-0.2666	0.0015	4.5537	-6.6946	-7.6165	0.0419
10.9690	5.3987	0.8165	2.8419	-0.0067	0.2882	-0.4333	-0.4923	0.0028	8.4767	-12.7445	-14.4781	0.0814
10.9980	5.4083	0.8019	2.8253	-0.0066	0.1645	-0.2518	-0.2853	0.0016	5.6725	-8.6824	-9.8367	0.0555
11.0280	5.4293	0.7694	2.7884	-0.0064	0.3843	-0.6007	-0.6809	0.0039	12.8103	-20.0219	-22.6972	0.1306
11.0560	5.4361	0.7586	2.7762	-0.0063	0.1612	-0.2556	-0.2895	0.0017	5.7580	-9.1287	-10.3375	0.0605
11.0910	5.4622	0.7162	2.7282	-0.0060	0.4939	-0.8040	-0.9110	0.0055	14.1116	-22.9716	-26.0298	0.1567
11.1280	5.4748	0.6954	2.7046	-0.0059	0.3385	-0.5635	-0.6373	0.0039	9.1474	-15.2301	-17.2239	0.1044
11.1300	5.4789	0.6885	2.6968	-0.0058	2.0486	-3.4366	-3.9074	0.0244	1024.2893	-1718.2865	-1953.6870	12.1952
11.1400	5.4829	0.6817	2.6890	-0.0058	0.4057	-0.6848	-0.7782	0.0048	40.5678	-68.4777	-77.8158	0.4783
11.1740	5.4869	0.6748	2.6813	-0.0057	0.1182	-0.2011	-0.2281	0.0015	3.4751	-5.9138	-6.7087	0.0430
11.2090	5.5026	0.6477	2.6506	-0.0056	0.2217	-0.3862	-0.4368	0.0028	6.3350	-11.0331	-12.4808	0.0793
11.2450	5.5140	0.6277	2.6279	-0.0054	0.2089	-0.3703	-0.4197	0.0027	5.8031	-10.2856	-11.6587	0.0756
11.2810	5.5357	0.5883	2.5832	-0.0051	0.3989	-0.7253	-0.8247	0.0054	11.0797	-20.1463	-22.9092	0.1505
11.3170	5.5426	0.5754	2.5686	-0.0050	0.1932	-0.3590	-0.4067	0.0027	5.3675	-9.9721	-11.2966	0.0752
11.3200	5.5495	0.5626	2.5540	-0.0049	1.1323	-2.1328	-2.4185	0.0165	377.4485	-710.9232	-806.1692	5.4892
11.3300	5.5528	0.5562	2.5468	-0.0049	0.3356	-0.6378	-0.7220	0.0051	33.5560	-63.7834	-72.2024	0.5052
11.3630	5.5597	0.5429	2.5318	-0.0048	0.2098	-0.4026	-0.4562	0.0031	6.3582	-12.1998	-13.8246	0.0931
11.4000	5.5723	0.5186	2.5041	-0.0046	0.2501	-0.4870	-0.5550	0.0038	6.7586	-13.1613	-14.9990	0.1029
11.4360	5.5815	0.5002	2.4831	-0.0044	0.1712	-0.3407	-0.3878	0.0027	4.7562	-9.4646	-10.7715	0.0747
11.4400	5.5876	0.4880	2.4693	-0.0043	0.6752	-1.3655	-1.5542	0.0108	168.8058	-341.3800	-388.5526	2.7110
11.4500	5.5906	0.4820	2.4624	-0.0043	0.2973	-0.6041	-0.6879	0.0048	29.7341	-60.4148	-68.7950	0.4818
11.4830	5.5993	0.4640	2.4419	-0.0041	0.2645	-0.5449	-0.6199	0.0044	8.0147	-16.5123	-18.7842	0.1330
11.5210	5.6021	0.4581	2.4352	-0.0041	0.0750	-0.1560	-0.1780	0.0013	1.9734	-4.1061	-4.6844	0.0330
11.5520	5.6187	0.4230	2.3951	-0.0038	0.2623	-0.5632	-0.6410	0.0046	8.4619	-18.1681	-20.6774	0.1495
11.5620	5.6221	0.4155	2.3866	-0.0037	0.3440	-0.7485	-0.8533	0.0063	34.4039	-74.8466	-85.3296	0.6259
11.5700	5.6239	0.4115	2.3820	-0.0037	0.2292	-0.5018	-0.5716	0.0041	28.6557	-62.7240	-71.4535	0.5156
11.6020	5.6265	0.4058	2.3755	-0.0037	0.0811	-0.1779	-0.2035	0.0015	2.5341	-5.5602	-6.3583	0.0458
11.6320	5.6342	0.3889	2.3561	-0.0035	0.0841	-0.1873	-0.2147	0.0017	2.8024	-6.2436	-7.1565	0.0550
11.6680	5.6440	0.3666	2.3306	-0.0033	0.1350	-0.3077	-0.3520	0.0026	3.7498	-8.5474	-9.7777	0.0725
11.7040	5.6488	0.3556	2.3181	-0.0032	0.0591	-0.1369	-0.1566	0.0012	1.6411	-3.8021	-4.3505	0.0326
11.7390	5.6602	0.3287	2.2871	-0.0030	0.1291	-0.3056	-0.3519	0.0027	3.6881	-8.7307	-10.0537	0.0759
11.7400	5.6647	0.3181	2.2749	-0.0029	2.1962	-5.3023	-6.0854	0.0459	2196.1934	-5302.2723	-6085.3597	45.8649
11.7510	5.6670	0.3123	2.2682	-0.0029	0.2169	-0.5282	-0.6058	0.0047	19.7141	-48.0167	-55.0686	0.4286
11.7880	5.6711	0.3024	2.2568	-0.0028	0.1099	-0.2680	-0.3093	0.0023	2.9708	-7.2423	-8.3586	0.0621
11.8240	5.6753	0.2920	2.2448	-0.0027	0.0581	-0.1436	-0.1658	0.0013	1.6136	-3.9894	-4.6049	0.0357
11.8610	5.6893	0.2566	2.2038	-0.0024	0.2132	-0.5430	-0.6299	0.0049	5.7627	-14.6768	-17.0237	0.1313
11.8960	5.6950	0.2418	2.1866	-0.0022	0.1625	-0.4242	-0.4909	0.0039	4.6415	-12.1195	-14.0268	0.1116
11.9000	5.6969	0.2369	2.1809	-0.0022	0.4631	-1.2237	-1.4211	0.0113	115.7725	-305.9161	-355.2667	2.8242
11.9100	5.6987	0.2320	2.1752	-0.0021	0.1834	-0.4874	-0.5660	0.0044	18.3450	-48.7353	-56.5997	0.4447
11.9430	5.7023	0.2223	2.1640	-0.0021	0.1095	-0.2939	-0.3406	0.0027	3.3181	-8.9056	-10.3204	0.0813
11.9790	5.7076	0.2079	2.1474	-0.0019	0.0969	-0.2651	-0.3075	0.0024	2.6920	-7.3628	-8.5424	0.0674
12.0140	5.7110	0.1985	2.1364	-0.0018	0.0483	-0.1345	-0.1565	0.0013	1.3808	-3.8423	-4.4723	0.0358
12.0510	5.7191	0.1753	2.1094	-0.0016	0.0869	-0.2486	-0.2890	0.0023	2.3481	-6.7188	-7.8118	0.0610
12.0610	5.7240	0.1612	2.0930	-0.0015	0.1551	-0.4528	-0.5264	0.0040	15.5076	-45.2809	-52.6416	0.4033
12.0930	5.7284	0.1483	2.0778	-0.0014	0.1378	-0.4046	-0.4746	0.0039	4.3067	-12.6435	-14.8307	0.1212
12.1290	5.7301	0.1434	2.0721	-0.0013	0.0455	-0.1353	-0.1586	0.0013	1.2635	-3.7578	-4.4054	0.0351
12.1570	5.7357	0.1264	2.0521	-0.0012	0.1024	-0.3103	-0.3649	0.0029	3.6558	-11.0817	-13.0325	0.1028
12.1920	5.7413	0.1093	2.0320	-0.0010	0.1184	-0.3649	-0.4305	0.0035	3.3817	-10.4255	-12.2987	0.1010
12.2270	5.7439	0.1009	2.0221	-0.0009	0.0381	-0.1203	-0.1418	0.0012	1.0876	-3.4367	-4.0503	0.0341
12.2300	5.7478	0.0884	2.0074	-0.0008	0.4254	-1.3807	-1.6254	0.0134	141.7912	-460.2492	-541.7915	4.4592
12.2400	5.7491	0.0843	2.0025	-0.0008	0.1260	-0.4102	-0.4846	0.0039	12.5971	-41.0231	-48.4649	0.3917
12.2720	5.7503	0.0802	1.9977	-0.0007	0.0390	-0.1280	-0.1510	0.0012	1.2190	-4.0013	-4.7179	0.0388
12.3040	5.7552	0.0640	1.9786	-0.0006	0.0754	-0.2515	-0.2976	0.0024	2.3568	-7.8593	-9.2990	0.0764
12.3370	5.7587	0.0521	1.9645	-0.0004	0.0702	-0.2397	-0.2838	0.0023	2.1287	-7.2632	-8.5985	0.0698
12.3710	5.7621	0.0404	1.9506	-0.0003	0.0664	-0.2289	-0.2720	0.0022	1.9532	-6.7329	-7.9996	0.0637
12.4040	5.7664	0.0250	1.9323	-0.0002	0.0646	-0.2305	-0.2746	0.0023	1.9589	-6.9836	-8.3200	0.0691
12.4110	5.7686	0.0171	1.9229	-0.0001	0.1625	-0.5901	-0.7027	0.0056	23.2172	-84.2948	-100.3814	0.8059
12.4200	5.7695	0.0138	1.9189	-0.0001	0.1026	-0.3743	-0.4462	0.0037	11.3956	-41.5918	-49.5742	0.4091
12.4520	5.7716	0.0063	1.9101	0.0000	0.0628	-0.2328	-0.2764	0.0023	1.9624	-7.2751	-8.6387	0.0710
12.4860	5.7754	-0.0083	1.8926	0.0001	0.0853	-0.3209	-0.3835	0.0031	2.5082	-9.4394	-11.2783	0.0913
12.5210	5.7792	-0.0226	1.8755	0.0003	0.1062	-0.4085	-0.4894	0.0041	3.0343	-11.6700	-13.9820	0.1160
12.5510	5.7810	-0.0296	1.8671	0.0004	0.0599	-0.2339	-0.2815	0.0023	1.9959	-7.7968	-9.3833	0.0765
12.5600	5.7827	-0.0365	1.8587	0.0004	0.0980	-0.3839	-0.4643	0.0037	10.8899	-42.6537	-51.5916	0.4079
12.5710	5.7837	-0.0403	1.8541	0.0005	0.0869	-0.3434	-0.4154	0.0034	7.9006	-31.2169	-37.7646	0.3123
12.6000	5.7853	-0.0468	1.8463	0.0005	0.0557	-0.2238	-0.2696	0.0022	1.9194	-7.7179	-9.2956	0.0771
12.6360	5.7869	-0.0536	1.8382	0.0006	0.0457	-0.1877	-0.2259	0.0019	1.2702	-5.2146	-6.2758	0.0524
12.6710	5.7909	-0.0702	1.8181	0.0008	0.0643	-0.2742	-0.3302	0.0027	1.8361	-7.8332	-9.4345	0.0782
12.7060	5.7931	-0.0799	1.8064	0.0009	0.0424	-0.1845	-0.2241	0.0018	1.2127	-5.2714	-6.4027	0.0521
12.7100	5.7946	-0.0863	1.7986	0.0009	0.1794	-0.7945	-0.9636	0.0077	44.8443	-198.6182	-240.9009	1.9371
12.7200	5.7953	-0.0895	1.7948	0.0009	0.0714	-0.3168	-0.3849	0.0031	7.1388	-31.6814	-38.4894	0.3068
12.7540	5.7960	-0.0926	1.7909	0.0010	0.0208	-0.0929	-0.1129	0.0009	0.6109	-2.7337	-3.3202	0.0276
12.7890	5.7987	-0.1051	1.7758	0.0011	0.0382	-0.1771	-0.2146	0.0018	1.0907	-5.0590	-6.1322	0.0509
12.8230	5.8000	-0.1113	1.7684	0.0012	0.0190	-0.0902	-0.1090	0.0009	0.5602	-2.6537	-3.2065	0.0262
12.8570	5.8037	-0.1292	1.7465	0.0013	0.0536	-0.2616	-0.3195	0.0026	1.5779	-7.6944	-9.3981	0.0771
12.8610	5.8044	-0.1324	1.7426	0.0014	0.1610	-0.8062	-0.9838	0.0081	40.2510	-201.5595	-245.9566	2.0134
12.8700	5.8049	-0.1351	1.7394	0.0014	0.0579	-0.2928	-0.3556	0.0028	6.4350	-32.5351	-39.5141	0.3065
12.9020	5.8060	-0.1408	1.7323	0.0015	0.0355	-0.1808	-0.2208	0.0017	1.1092	-5.6502	-6.9008	0.0538
12.9370	5.8082	-0.1522	1.7184	0.0016	0.0468	-0.2431	-0.2972	0.0023	1.3366	-6.9471	-8.4915	0.0667
12.9660	5.8093	-0.1578	1.7116	0.0016	0.0364	-0.1926	-0.2363	0.0019	1.2542	-6.6409	-8.1483	0.0660
13.0000	5.8108	-0.1660	1.7014	0.0017	0.0296	-0.1609	-0.1978	0.0015	0.8701	-4.7314	-5.8179	0.0449
13.0320	5.8127	-0.1769	1.6881	0.0018	0.0296	-0.1679	-0.2064	0.0016	0.9248	-5.2471	-6.4512	0.0490
13.0400	5.8136	-0.1822	1.6816	0.0019	0.0575	-0.3301	-0.4070	0.0032	7.1885	-41.2598	-50.8730	0.4039
13.0510	5.8141	-0.1851	1.6780	0.0019	0.0452	-0.2641	-0.3238	0.0025	4.1130	-24.0130	-29.4319	0.2269
13.0840	5.8145	-0.1874	1.6752	0.0019	0.0122	-0.0708	-0.0876	0.0007	0.3693	-2.1458	-2.6540	0.0198
13.1180	5.8158	-0.1951	1.6656	0.0020	0.0126	-0.0758	-0.0933	0.0008	0.3693	-2.2282	-2.7453	0.0223
13.1520	5.8175	-0.2055	1.6527	0.0021	0.0250	-0.1559	-0.1927	0.0015	0.7339	-4.5864	-5.6688	0.0445
13.1860	5.8190	-0.2152	1.6408	0.0022	0.0223	-0.1445	-0.1789	0.0013	0.6556	-4.2514	-5.2632	0.0379
13.1910	5.8198	-0.2203	1.6345	0.0022	0.0817	-0.5338	-0.6603	0.0049	16.3422	-106.7583	-132.0560	0.9776
13.2000	5.8201	-0.2225	1.6318	0.0022	0.0366	-0.2404	-0.2991	0.0023	4.0624	-26.7098	-33.2302	0.2505
13.2290	5.8208	-0.2273	1.6259	0.0023	0.0245	-0.1643	-0.2044	0.0015	0.8438	-5.6671	-7.0487	0.0524
13.2650	5.8215	-0.2320	1.6200	0.0023	0.0192	-0.1316	-0.1634	0.0012	0.5339	-3.6543	-4.5392	0.0340
13.2990	5.8225	-0.2390	1.6113	0.0024	0.0093	-0.0681	-0.0846	0.0006	0.2721	-2.0029	-2.4887	0.0177
13.3000	5.8234	-0.2458	1.6028	0.0024	0.3067	-2.2720	-2.8222	0.0195	306.7447	-2271.9522	-2822.2227	19.4618
13.3100	5.8238	-0.2481	1.5999	0.0025	0.0308	-0.2265	-0.2830	0.0021	3.0793	-22.6515	-28.2953	0.2085
13.3440	5.8240	-0.2503	1.5971	0.0025	0.0086	-0.0662	-0.0824	0.0006	0.2528	-1.9461	-2.4226	0.0185
13.3780	5.8255	-0.2614	1.5834	0.0026	0.0244	-0.1934	-0.2415	0.0018	0.7172	-5.6888	-7.1035	0.0520
13.4130	5.8257	-0.2636	1.5807	0.0026	0.0075	-0.0625	-0.0772	0.0005	0.2134	-1.7845	-2.2061	0.0154
13.4470	5.8267	-0.2721	1.5700	0.0027	0.0073	-0.0626	-0.0777	0.0006	0.2137	-1.8418	-2.2859	0.0165
13.4500	5.8275	-0.2784	1.5621	0.0027	0.0807	-0.6904	-0.8690	0.0055	26.8903	-230.1378	-289.6760	1.8447
13.4610	5.8277	-0.2807	1.5593	0.0027	0.0234	-0.2065	-0.2584	0.0018	2.1279	-18.7706	-23.4908	0.1673
13.4950	5.8279	-0.2825	1.5570	0.0028	0.0060	-0.0542	-0.0678	0.0004	0.1779	-1.5939	-1.9944	0.0131
13.5300	5.8286	-0.2886	1.5494	0.0028	0.0061	-0.0575	-0.0721	0.0004	0.1738	-1.6429	-2.0600	0.0123
13.5650	5.8294	-0.2967	1.5391	0.0029	0.0061	-0.0621	-0.0774	0.0005	0.1746	-1.7734	-2.2125	0.0151
13.5700	5.8300	-0.3024	1.5320	0.0029	0.0358	-0.3861	-0.4834	0.0028	7.1539	-77.2261	-96.6701	0.5631
13.5800	5.8301	-0.3043	1.5296	0.0029	0.0181	-0.1923	-0.2417	0.0014	1.8086	-19.2255	-24.1697	0.1433
13.6150	5.8303	-0.3062	1.5272	0.0030	0.0052	-0.0547	-0.0693	0.0004	0.1493	-1.5620	-1.9812	0.0123
13.6470	5.8308	-0.3119	1.5200	0.0030	0.0054	-0.0589	-0.0741	0.0005	0.1684	-1.8418	-2.3146	0.0141
13.6790	5.8315	-0.3195	1.5105	0.0031	0.0102	-0.1207	-0.1520	0.0010	0.3191	-3.7720	-4.7512	0.0298
13.7130	5.8321	-0.3265	1.5016	0.0031	0.0126	-0.1580	-0.2002	0.0012	0.3713	-4.6467	-5.8874	0.0356
13.7470	5.8325	-0.3318	1.4949	0.0032	0.0075	-0.1038	-0.1305	0.0009	0.2200	-3.0537	-3.8377	0.0251
13.7500	5.8327	-0.3353	1.4905	0.0032	0.0373	-0.5802	-0.7284	0.0042	12.4236	-193.4078	-242.8037	1.3891
13.7600	5.8328	-0.3370	1.4884	0.0032	0.0108	-0.1733	-0.2162	0.0012	1.0789	-17.3308	-21.6238	0.1193
13.7920	5.8330	-0.3404	1.4841	0.0032	0.0067	-0.1067	-0.1341	0.0007	0.2093	-3.3332	-4.1907	0.0218
13.8270	5.8332	-0.3440	1.4796	0.0032	0.0035	-0.0521	-0.0669	0.0004	0.0989	-1.4899	-1.9128	0.0104
13.8610	5.8335	-0.3487	1.4735	0.0033	0.0031	-0.0482	-0.0617	0.0003	0.0914	-1.4184	-1.8149	0.0094
13.8950	5.8340	-0.3569	1.4632	0.0033	0.0050	-0.0945	-0.1199	0.0006	0.1459	-2.7803	-3.5268	0.0181
13.9000	5.8342	-0.3600	1.4592	0.0033	0.0142	-0.3176	-0.3975	0.0020	2.8366	-63.5114	-79.5006	0.4023
13.9100	5.8342	-0.3616	1.4572	0.0034	0.0075	-0.1552	-0.1992	0.0009	0.7458	-15.5220	-19.9227	0.0852
13.9440	5.8343	-0.3631	1.4552	0.0034	0.0023	-0.0461	-0.0587	0.0003	0.0667	-1.3551	-1.7254	0.0086
13.9550	5.8345	-0.3678	1.4493	0.0034	0.0060	-0.1404	-0.1773	0.0009	0.5444	-12.7601	-16.1140	0.0826
13.9600	5.8346	-0.3693	1.4474	0.0034	0.0119	-0.3071	-0.3844	0.0018	2.3814	-61.4130	-76.8887	0.3503
13.9910	5.8347	-0.3723	1.4436	0.0034	0.0037	-0.0969	-0.1228	0.0006	0.1186	-3.1274	-3.9620	0.0180
14.0250	5.8349	-0.3769	1.4378	0.0035	0.0031	-0.0917	-0.1163	0.0005	0.0923	-2.6957	-3.4206	0.0161
14.0590	5.8349	-0.3797	1.4342	0.0035	0.0012	-0.0432	-0.0546	0.0002	0.0346	-1.2702	-1.6061	0.0069
14.0950	5.8351	-0.3883	1.4234	0.0035	0.0030	-0.1579	-0.1987	0.0008	0.0825	-4.3859	-5.5185	0.0226
14.1310	5.8352	-0.3911	1.4199	0.0035	0.0015	-0.0769	-0.0981	0.0004	0.0408	-2.1370	-2.7239	0.0100
14.1650	5.8352	-0.3965	1.4130	0.0036	0.0010	-0.0803	-0.1009	0.0003	0.0303	-2.3616	-2.9678	0.0096
14.1700	5.8353	-0.3992	1.4096	0.0036	0.0026	-0.2667	-0.3387	0.0014	0.5155	-53.3324	-67.7393	0.2798
14.1820	5.8353	-0.4008	1.4076	0.0036	0.0008	-0.1337	-0.1669	0.0006	0.0669	-11.1430	-13.9053	0.0511
14.2170	5.8353	-0.4032	1.4046	0.0036	0.0003	-0.0676	-0.0853	0.0003	0.0087	-1.9317	-2.4367	0.0073
14.2530	5.8353	-0.4072	1.3995	0.0036	0.0002	-0.0753	-0.0955	0.0003	0.0047	-2.0928	-2.6529	0.0084
14.2870	5.8353	-0.4122	1.3931	0.0036	-0.0001	-0.0765	-0.0989	0.0003	-0.0022	-2.2503	-2.9094	0.0078
14.2910	5.8353	-0.4148	1.3898	0.0036	-0.0022	-0.3712	-0.4715	0.0012	-0.5570	-92.8116	-117.8818	0.3089
14.3000	5.8353	-0.4158	1.3886	0.0036	-0.0011	-0.1092	-0.1375	0.0004	-0.1243	-12.1334	-15.2808	0.0447
14.3310	5.8352	-0.4194	1.3839	0.0036	-0.0014	-0.1169	-0.1492	0.0004	-0.0444	-3.7702	-4.8124	0.0128
14.3700	5.8352	-0.4219	1.3808	0.0037	-0.0011	-0.0643	-0.0816	0.0002	-0.0288	-1.6500	-2.0911	0.0057
14.4050	5.8351	-0.4265	1.3750	0.0037	-0.0010	-0.0665	-0.0847	0.0002	-0.0295	-1.9000	-2.4194	0.0054
14.4100	5.8351	-0.4288	1.3721	0.0037	-0.0054	-0.2276	-0.2907	0.0011	-1.0755	-45.5112	-58.1329	0.2254
14.4200	5.8350	-0.4300	1.3705	0.0037	-0.0025	-0.1221	-0.1594	0.0001	-0.2549	-12.2133	-15.9393	0.0104
14.4460	5.8350	-0.4310	1.3692	0.0037	-0.0009	-0.0386	-0.0495	0.0001	-0.0348	-1.4853	-1.9026	0.0041
14.4740	5.8349	-0.4336	1.3659	0.0037	-0.0014	-0.0437	-0.0557	0.0001	-0.0490	-1.5607	-1.9893	0.0051
14.5090	5.8348	-0.4376	1.3608	0.0037	-0.0024	-0.0617	-0.0785	0.0001	-0.0684	-1.7618	-2.2423	0.0022
14.5430	5.8347	-0.4398	1.3580	0.0037	-0.0012	-0.0311	-0.0400	0.0001	-0.0364	-0.9154	-1.1754	0.0021
14.5770	5.8345	-0.4450	1.3514	0.0037	-0.0030	-0.0612	-0.0771	0.0001	-0.0879	-1.8011	-2.2682	0.0023
14.5810	5.8343	-0.4472	1.3487	0.0037	-0.0149	-0.2843	-0.3558	0.0002	-3.7345	-71.0740	-88.9418	0.0613
14.5900	5.8343	-0.4481	1.3475	0.0037	-0.0061	-0.1020	-0.1276	0.0002	-0.6824	-11.3319	-14.1796	0.0251
14.6220	5.8342	-0.4491	1.3463	0.0037	-0.0021	-0.0318	-0.0394	0.0000	-0.0642	-0.9932	-1.2327	0.0006
14.6550	5.8340	-0.4521	1.3425	0.0037	-0.0022	-0.0302	-0.0374	0.0000	-0.0667	-0.9142	-1.1338	0.0011
14.6900	5.8337	-0.4560	1.3377	0.0037	-0.0036	-0.0522	-0.0652	-0.0000	-0.1027	-1.4922	-1.8636	-0.0011
14.7250	5.8335	-0.4588	1.3341	0.0037	-0.0021	-0.0271	-0.0335	-0.0000	-0.0591	-0.7754	-0.9565	-0.0000
14.7300	5.8333	-0.4616	1.3306	0.0037	-0.0148	-0.1849	-0.2296	-0.0002	-2.9589	-36.9705	-45.9267	-0.0496
14.7400	5.8332	-0.4626	1.3295	0.0037	-0.0073	-0.0928	-0.1146	-0.0001	-0.7349	-9.2830	-11.4611	-0.0146
14.7730	5.8332	-0.4635	1.3284	0.0037	-0.0022	-0.0275	-0.0347	-0.0001	-0.0665	-0.8344	-1.0506	-0.0019
14.8080	5.8328	-0.4679	1.3228	0.0037	-0.0065	-0.0759	-0.0950	-0.0002	-0.1853	-2.1691	-2.7131	-0.0054
14.8430	5.8326	-0.4697	1.3206	0.0037	-0.0048	-0.0501	-0.0621	-0.0001	-0.1368	-1.4309	-1.7740	-0.0025
14.8770	5.8323	-0.4731	1.3163	0.0037	-0.0048	-0.0479	-0.0590	-0.0001	-0.1421	-1.4075	-1.7341	-0.0033
14.8810	5.8321	-0.4749	1.3141	0.0037	-0.0239	-0.2310	-0.2867	-0.0005	-5.9774	-57.7438	-71.6815	-0.1185
14.8900	5.8320	-0.4756	1.3132	0.0037	-0.0083	-0.0819	-0.1041	-0.0004	-0.9241	-9.1024	-11.5640	-0.0412
14.9220	5.8320	-0.4764	1.3122	0.0037	-0.0028	-0.0261	-0.0319	-0.0001	-0.0873	-0.8149	-0.9967	-0.0016
14.9540	5.8316	-0.4797	1.3081	0.0036	-0.0055	-0.0505	-0.0626	-0.0002	-0.1730	-1.5790	-1.9559	-0.0055
14.9850	5.8314	-0.4813	1.3062	0.0036	-0.0026	-0.0227	-0.0286	-0.0001	-0.0851	-0.7333	-0.9232	-0.0035
15.0200	5.8311	-0.4837	1.3032	0.0036	-0.0027	-0.0222	-0.0270	-0.0001	-0.0766	-0.6353	-0.7722	-0.0022
15.0540	5.8308	-0.4860	1.3004	0.0036	-0.0032	-0.0247	-0.0302	-0.0002	-0.0927	-0.7266	-0.8870	-0.0051
15.0880	5.8304	-0.4896	1.2958	0.0036	-0.0055	-0.0432	-0.0538	-0.0002	-0.1621	-1.2708	-1.5838	-0.0046
15.0900	5.8302	-0.4910	1.2941	0.0036	-0.0489	-0.3592	-0.4495	-0.0015	-24.4479	-179.6221	-224.7257	-0.7360
15.1000	5.8301	-0.4918	1.2932	0.0036	-0.0113	-0.0725	-0.0862	-0.0002	-1.1256	-7.2527	-8.6176	-0.0224
15.1320	5.8300	-0.4925	1.2923	0.0036	-0.0035	-0.0224	-0.0272	-0.0002	-0.1083	-0.6997	-0.8502	-0.0049
15.1630	5.8296	-0.4947	1.2897	0.0036	-0.0040	-0.0247	-0.0296	-0.0002	-0.1301	-0.7972	-0.9539	-0.0054
15.1960	5.8292	-0.4974	1.2865	0.0035	-0.0069	-0.0417	-0.0493	-0.0003	-0.2080	-1.2628	-1.4946	-0.0098
15.2310	5.8289	-0.4994	1.2841	0.0035	-0.0060	-0.0377	-0.0460	-0.0003	-0.1724	-1.0760	-1.3155	-0.0098
15.2660	5.8283	-0.5027	1.2802	0.0035	-0.0092	-0.0547	-0.0638	-0.0005	-0.2642	-1.5620	-1.8226	-0.0129
15.2700	5.8282	-0.5033	1.2794	0.0035	-0.0298	-0.1615	-0.1897	-0.0012	-7.4416	-40.3808	-47.4158	-0.2978
15.2810	5.8281	-0.5040	1.2786	0.0035	-0.0117	-0.0625	-0.0764	-0.0006	-1.0628	-5.6816	-6.9411	-0.0520
15.3140	5.8278	-0.5052	1.2771	0.0035	-0.0068	-0.0376	-0.0449	-0.0005	-0.2063	-1.1391	-1.3595	-0.0141
15.3480	5.8275	-0.5070	1.2750	0.0035	-0.0068	-0.0364	-0.0423	-0.0003	-0.2012	-1.0715	-1.2430	-0.0102
15.3810	5.8272	-0.5088	1.2729	0.0034	-0.0068	-0.0362	-0.0429	-0.0005	-0.2049	-1.0955	-1.2992	-0.0137
15.3930	5.8268	-0.5105	1.2708	0.0034	-0.0098	-0.0483	-0.0571	-0.0006	-0.8165	-4.0235	-4.7580	-0.0465
15.4000	5.8267	-0.5111	1.2701	0.0034	-0.0169	-0.0821	-0.0985	-0.0009	-2.4096	-11.7313	-14.0755	-0.1216
15.4330	5.8266	-0.5117	1.2695	0.0034	-0.0038	-0.0178	-0.0203	-0.0002	-0.1139	-0.5397	-0.6163	-0.0059
15.4680	5.8260	-0.5145	1.2661	0.0034	-0.0098	-0.0470	-0.0567	-0.0006	-0.2811	-1.3439	-1.6199	-0.0175
15.5020	5.8255	-0.5167	1.2636	0.0033	-0.0142	-0.0642	-0.0747	-0.0008	-0.4170	-1.8892	-2.1983	-0.0231
15.5370	5.8254	-0.5172	1.2630	0.0033	-0.0036	-0.0148	-0.0174	-0.0002	-0.1020	-0.4229	-0.4963	-0.0062
15.5400	5.8250	-0.5188	1.2612	0.0033	-0.0409	-0.1730	-0.1975	-0.0020	-13.6321	-57.6613	-65.8298	-0.6752
15.5500	5.8249	-0.5193	1.2606	0.0033	-0.0123	-0.0517	-0.0582	-0.0008	-1.2319	-5.1680	-5.8161	-0.0845
15.5800	5.8245	-0.5208	1.2589	0.0033	-0.0123	-0.0509	-0.0586	-0.0007	-0.4105	-1.6971	-1.9520	-0.0248
15.6140	5.8243	-0.5218	1.2577	0.0033	-0.0076	-0.0297	-0.0332	-0.0005	-0.2226	-0.8737	-0.9750	-0.0137
15.6480	5.8240	-0.5228	1.2566	0.0032	-0.0037	-0.0149	-0.0162	-0.0002	-0.1081	-0.4372	-0.4761	-0.0071
15.6790	5.8236	-0.5247	1.2544	0.0032	-0.0056	-0.0215	-0.0243	-0.0004	-0.1793	-0.6921	-0.7844	-0.0134
15.7130	5.8232	-0.5261	1.2528	0.0032	-0.0068	-0.0261	-0.0293	-0.0004	-0.1989	-0.7671	-0.8607	-0.0109
15.7450	5.8226	-0.5284	1.2503	0.0031	-0.0115	-0.0406	-0.0453	-0.0008	-0.3581	-1.2672	-1.4155	-0.0236
15.7500	5.8224	-0.5288	1.2498	0.0031	-0.0247	-0.0888	-0.0968	-0.0023	-4.9470	-17.7558	-19.3500	-0.4522
15.7600	5.8223	-0.5293	1.2493	0.0031	-0.0121	-0.0451	-0.0494	-0.0009	-1.2072	-4.5102	-4.9433	-0.0887
15.7860	5.8221	-0.5302	1.2484	0.0031	-0.0097	-0.0339	-0.0359	-0.0006	-0.3718	-1.3022	-1.3813	-0.0238
15.8210	5.8217	-0.5315	1.2470	0.0031	-0.0111	-0.0371	-0.0395	-0.0008	-0.3182	-1.0610	-1.1287	-0.0225
15.8540	5.8213	-0.5327	1.2457	0.0031	-0.0073	-0.0242	-0.0256	-0.0005	-0.2225	-0.7333	-0.7764	-0.0137
15.8600	5.8210	-0.5335	1.2448	0.0030	-0.0222	-0.0671	-0.0718	-0.0016	-3.7066	-11.1753	-11.9609	-0.2634
15.8700	5.8209	-0.5340	1.2444	0.0030	-0.0130	-0.0411	-0.0432	-0.0011	-1.3026	-4.1078	-4.3156	-0.1052
15.9020	5.8208	-0.5343	1.2439	0.0030	-0.0037	-0.0123	-0.0135	-0.0004	-0.1169	-0.3841	-0.4205	-0.0112
15.9360	5.8203	-0.5359	1.2423	0.0030	-0.0068	-0.0219	-0.0233	-0.0005	-0.2007	-0.6440	-0.6849	-0.0145
15.9700	5.8199	-0.5370	1.2411	0.0030	-0.0076	-0.0224	-0.0233	-0.0005	-0.2237	-0.6603	-0.6865	-0.0158
16.0050	5.8193	-0.5387	1.2394	0.0029	-0.0092	-0.0269	-0.0269	-0.0007	-0.2624	-0.7684	-0.7679	-0.0205
16.0100	5.8191	-0.5393	1.2388	0.0029	-0.0262	-0.0742	-0.0730	-0.0019	-5.2459	-14.8340	-14.6026	-0.3853
16.0200	5.8190	-0.5396	1.2385	0.0029	-0.0134	-0.0366	-0.0349	-0.0010	-1.3427	-3.6637	-3.4851	-0.0973
16.0540	5.8189	-0.5400	1.2381	0.0029	-0.0039	-0.0103	-0.0104	-0.0003	-0.1137	-0.3028	-0.3046	-0.0089
16.0890	5.8184	-0.5414	1.2367	0.0028	-0.0074	-0.0198	-0.0195	-0.0005	-0.2119	-0.5648	-0.5580	-0.0156
16.1210	5.8177	-0.5430	1.2351	0.0028	-0.0157	-0.0410	-0.0405	-0.0013	-0.4894	-1.2803	-1.2643	-0.0398
16.1570	5.8175	-0.5437	1.2345	0.0028	-0.0076	-0.0183	-0.0174	-0.0006	-0.2103	-0.5077	-0.4843	-0.0169
16.1600	5.8172	-0.5443	1.2339	0.0027	-0.0441	-0.1139	-0.1030	-0.0031	-14.6839	-37.9593	-34.3477	-1.0346
16.1700	5.8171	-0.5447	1.2336	0.0027	-0.0135	-0.0331	-0.0302	-0.0009	-1.3498	-3.3124	-3.0179	-0.0902
16.2030	5.8168	-0.5453	1.2330	0.0027	-0.0082	-0.0186	-0.0176	-0.0006	-0.2485	-0.5644	-0.5343	-0.0184
