q1_d	q2_d	q3_d	q4_d	q1_a	q2_a	q3_a	q4_a	u1	u2	u2	u4
0.0000	0.0000	0.0000	0.0000	-0.0001	-0.0230	0.0028	-0.0072	82.2069	72866.2109	-10877.8242	2974.6206
0.0000	0.0000	0.0000	0.0000	-0.0001	-0.0229	0.0026	-0.0066	210.3647	74063.3047	-10861.2100	2786.1287
-0.0001	0.0077	-0.0263	-0.0058	0.0000	-0.0157	-0.0244	-0.0100	-1494.8745	114072.8281	9510.3213	-2038.4033
-0.0001	0.0412	-0.0549	-0.0051	-0.0011	0.0107	-0.0551	-0.0073	-43680.9570	193166.2656	9087.3213	-4209.3140
-0.0001	0.0704	-0.0772	-0.0045	0.0000	0.0292	-0.0802	-0.0047	-4962.8408	158838.9844	6377.8862	-3599.7329
-0.0001	0.0959	-0.0948	-0.0039	0.0002	0.0484	-0.0999	-0.0024	-1213.7819	145650.9531	5388.4932	-3492.2637
-0.0001	0.1182	-0.1087	-0.0035	0.0003	0.0660	-0.1156	-0.0005	-10.2948	141984.2969	5040.3911	-3439.3909
-0.0001	0.1376	-0.1197	-0.0030	0.0002	0.0819	-0.1282	0.0013	411.6797	140483.8281	4938.9019	-3484.3250
-0.0000	0.1546	-0.1284	-0.0027	0.0002	0.0959	-0.1384	0.0029	420.2655	141897.9844	4958.9907	-3543.6614
-0.0000	0.1694	-0.1353	-0.0023	0.0002	0.1083	-0.1466	0.0043	409.9765	142878.7500	5087.2407	-3660.1455
-0.0000	0.1824	-0.1409	-0.0020	0.0001	0.1193	-0.1533	0.0056	301.3841	143649.2344	5128.3862	-3612.2771
-0.0000	0.1938	-0.1453	-0.0018	0.0001	0.1291	-0.1587	0.0068	208.0802	144522.1562	5177.1362	-3655.1924
-0.0000	0.2037	-0.1490	-0.0016	0.0001	0.1380	-0.1631	0.0078	285.6361	144939.5469	5214.4995	-3614.0654
-0.0000	0.2124	-0.1519	-0.0014	0.0001	0.1461	-0.1666	0.0087	171.8732	145453.8906	5291.0229	-3685.4932
-0.0000	0.2200	-0.1543	-0.0012	0.0001	0.1536	-0.1695	0.0095	99.7562	145830.4844	5329.7007	-3691.4297
-0.0000	0.2266	-0.1562	-0.0011	0.0000	0.1605	-0.1718	0.0103	205.5966	145926.5312	5487.5630	-3738.3459
-0.0000	0.2325	-0.1578	-0.0009	0.0000	0.1669	-0.1737	0.0109	62.8965	146079.3281	5577.4312	-3733.7278
-0.0000	0.2376	-0.1591	-0.0008	0.0000	0.1730	-0.1752	0.0114	96.2072	146136.6250	5638.8535	-3748.8176
-0.0000	0.2420	-0.1602	-0.0007	0.0000	0.1788	-0.1763	0.0119	38.7915	146152.9844	5672.9839	-3743.7751
-0.0000	0.2459	-0.1611	-0.0006	0.0000	0.1843	-0.1772	0.0123	124.1234	145957.3750	5808.9893	-3726.0879
-0.0000	0.2494	-0.1618	-0.0005	0.0000	0.1896	-0.1778	0.0127	190.3312	145753.7500	5938.1333	-3753.1228
-0.0000	0.2524	-0.1625	-0.0005	0.0000	0.1946	-0.1782	0.0130	108.5541	145557.7812	5996.4131	-3722.1001
-0.0000	0.2550	-0.1630	-0.0004	0.0000	0.1995	-0.1784	0.0132	59.2911	145393.8594	6007.6323	-3672.5068
0.0000	0.2573	-0.1635	-0.0004	0.0000	0.2043	-0.1785	0.0134	51.3739	145190.8750	6107.6865	-3702.1572
0.0000	0.2593	-0.1638	-0.0003	0.0000	0.2089	-0.1785	0.0136	-26.9026	144962.7656	6185.0728	-3681.1257
0.0000	0.2611	-0.1642	-0.0003	0.0000	0.2134	-0.1784	0.0137	22.1063	144675.2344	6265.7437	-3707.0811
0.0000	0.2627	-0.1644	-0.0003	0.0000	0.2177	-0.1782	0.0138	50.2331	144432.1094	6311.9966	-3655.4915
0.0000	0.2640	-0.1647	-0.0002	-0.0000	0.2220	-0.1779	0.0138	16.1040	144041.0625	6396.7080	-3654.7781
0.0000	0.2652	-0.1649	-0.0002	-0.0000	0.2261	-0.1775	0.0138	121.0802	143723.0625	6502.0400	-3677.9468
0.0000	0.2663	-0.1650	-0.0002	-0.0000	0.2300	-0.1771	0.0138	33.0879	143412.6094	6588.2886	-3638.9236
0.0000	0.2672	-0.1652	-0.0001	-0.0000	0.2339	-0.1766	0.0138	4.2082	143136.9688	6689.7441	-3663.0977
0.0000	0.2680	-0.1653	-0.0001	-0.0000	0.2376	-0.1761	0.0137	74.7145	142857.3125	6679.6938	-3574.4192
0.0000	0.2687	-0.1654	-0.0001	-0.0000	0.2412	-0.1756	0.0137	-7.1682	142549.8281	6796.3589	-3653.9412
0.0000	0.2693	-0.1655	-0.0001	-0.0000	0.2446	-0.1751	0.0136	-161.1989	142295.5000	6882.2412	-3611.3213
0.0000	0.2698	-0.1656	-0.0001	-0.0000	0.2479	-0.1745	0.0135	33.2972	142011.3438	6920.9414	-3615.2114
0.0000	0.2703	-0.1657	-0.0001	-0.0000	0.2511	-0.1740	0.0134	-8.9610	141805.5000	7046.2188	-3633.1016
0.0000	0.2707	-0.1658	-0.0001	-0.0000	0.2541	-0.1734	0.0133	76.2137	141506.4219	7066.7632	-3566.9934
0.0000	0.2711	-0.1658	-0.0001	-0.0000	0.2570	-0.1729	0.0131	76.4066	141360.7031	7093.7505	-3600.3496
0.0000	0.2714	-0.1659	-0.0001	-0.0000	0.2597	-0.1723	0.0130	56.2604	141195.5781	7152.3604	-3587.9368
0.0000	0.2717	-0.1659	-0.0000	-0.0000	0.2622	-0.1718	0.0128	-0.4187	141065.7500	7174.4233	-3546.0371
0.0000	0.2720	-0.1659	-0.0000	-0.0000	0.2646	-0.1712	0.0127	105.4628	140801.8125	7260.6538	-3588.5420
0.0000	0.2722	-0.1660	-0.0000	-0.0000	0.2669	-0.1707	0.0125	67.3802	140560.5312	7287.6094	-3513.8230
0.0112	0.2785	-0.2100	0.0315	0.0039	0.2707	-0.2103	0.0336	184052.0156	255504.5156	-6351.5410	-8855.5088
0.0376	0.3030	-0.2953	0.0765	0.0231	0.2890	-0.2960	0.0799	33815.2617	167346.1562	11747.9854	-3739.7817
0.0629	0.3238	-0.3690	0.1174	0.0483	0.3117	-0.3695	0.1216	4185.3506	138033.7500	5667.0386	-3620.9504
0.0887	0.3429	-0.4372	0.1572	0.0749	0.3344	-0.4372	0.1620	-1694.4357	127911.5156	4932.7666	-3442.7908
0.1148	0.3603	-0.5003	0.1957	0.1021	0.3561	-0.4998	0.2011	-3460.5674	121206.0156	4207.4229	-3348.1370
0.1412	0.3763	-0.5587	0.2330	0.1295	0.3764	-0.5576	0.2388	-3677.4170	119708.7500	3498.4248	-3402.6121
0.1678	0.3911	-0.6129	0.2690	0.1572	0.3953	-0.6112	0.2753	-3820.5784	117659.3594	2921.9810	-3400.5029
0.1947	0.4046	-0.6632	0.3039	0.1851	0.4129	-0.6608	0.3105	-3806.1931	115839.1328	2406.8188	-3410.9585
0.2217	0.4172	-0.7098	0.3377	0.2130	0.4292	-0.7068	0.3446	-3872.4065	114169.0781	1852.2444	-3426.2808
0.2489	0.4289	-0.7530	0.3704	0.2410	0.4445	-0.7493	0.3776	-3891.6523	112452.1250	1313.1927	-3330.0864
0.2761	0.4397	-0.7929	0.4020	0.2690	0.4587	-0.7886	0.4095	-3881.6514	110689.2578	966.5104	-3438.3765
0.3034	0.4499	-0.8298	0.4326	0.2970	0.4720	-0.8249	0.4403	-4013.5051	109304.2812	522.8191	-3388.2861
0.3305	0.4595	-0.8638	0.4622	0.3250	0.4844	-0.8583	0.4701	-4032.9377	107816.8125	158.7636	-3369.0515
0.3576	0.4685	-0.8951	0.4909	0.3528	0.4960	-0.8890	0.4989	-4023.7395	106485.7266	-155.7513	-3396.4995
0.3846	0.4770	-0.9237	0.5186	0.3804	0.5069	-0.9171	0.5267	-4091.0691	105132.5391	-445.6707	-3319.9556
0.4114	0.4851	-0.9497	0.5454	0.4078	0.5171	-0.9427	0.5537	-4129.6465	104126.0547	-770.9677	-3268.7498
0.4379	0.4929	-0.9734	0.5714	0.4348	0.5269	-0.9599	0.5791	-2047.9791	96110.0391	-155837.0781	-3603.8130
0.4641	0.5004	-0.9947	0.5965	0.4615	0.5364	-0.9599	0.6043	-3144.2834	100652.0078	-155436.4219	-4049.4065
0.4900	0.5076	-1.0139	0.6209	0.4878	0.5449	-0.9600	0.6287	-2984.0173	102027.4766	-158044.0625	5887.7139
0.5156	0.5146	-1.0309	0.6444	0.5138	0.5528	-0.9599	0.6523	-3742.3455	101448.7500	-151000.5938	-3324.6511
0.5407	0.5214	-1.0459	0.6672	0.5394	0.5602	-0.9600	0.6751	-3104.9043	101402.1328	-155704.3438	6417.8599
0.5654	0.5280	-1.0590	0.6892	0.5645	0.5672	-0.9599	0.6971	-2841.3823	100733.0547	-149198.1719	-3016.1638
0.5897	0.5345	-1.0704	0.7106	0.5890	0.5739	-0.9599	0.7184	-1610.8096	100021.7266	-150453.5781	-3805.0835
0.6134	0.5409	-1.0800	0.7312	0.6130	0.5802	-0.9599	0.7390	-147.3061	99696.0859	-150008.2656	-3855.9365
0.6366	0.5471	-1.0880	0.7512	0.6362	0.5861	-0.9599	0.7588	1163.7070	99006.6719	-150996.8281	-3719.0542
0.6593	0.5532	-1.0946	0.7705	0.6589	0.5919	-0.9599	0.7781	2274.9934	98381.6875	-147767.3438	-2834.5459
0.6814	0.5593	-1.0997	0.7892	0.6809	0.5974	-0.9599	0.7966	3492.4656	97737.1250	-147990.7188	-2931.6333
0.7030	0.5652	-1.1036	0.8073	0.7040	0.6026	-0.9600	0.8145	-30965.5254	96067.0703	-154316.1875	8588.1084
0.7240	0.5709	-1.1063	0.8248	0.7261	0.6077	-0.9599	0.8319	-6620.5420	95323.0234	-148654.7656	-2431.2688
0.7445	0.5766	-1.1079	0.8418	0.7469	0.6126	-0.9599	0.8486	-5232.6812	95814.5234	-149111.0781	-2322.4417
0.7643	0.5821	-1.1085	0.8582	0.7671	0.6171	-0.9600	0.8648	-5458.4736	97145.1719	-157973.0469	36172.8750
0.7836	0.5875	-1.1082	0.8741	0.7867	0.6215	-0.9599	0.8805	-5348.0581	95274.9844	-150653.4219	-2214.0737
0.8023	0.5928	-1.1071	0.8894	0.8056	0.6256	-0.9599	0.8956	-5333.3535	94883.3203	-151466.5000	-2199.2803
0.8204	0.5979	-1.1053	0.9043	0.8240	0.6295	-0.9599	0.9102	-5150.4058	94389.1094	-152133.3438	-2259.6143
0.8379	0.6028	-1.1028	0.9187	0.8418	0.6332	-0.9599	0.9244	-5091.7607	94133.4531	-153411.2188	-2196.8765
0.8549	0.6076	-1.0998	0.9326	0.8590	0.6368	-0.9599	0.9381	-5164.7100	93771.5391	-154233.8906	-2060.2207
0.8713	0.6123	-1.0962	0.9461	0.8756	0.6401	-0.9599	0.9513	-5025.4072	93547.7734	-154989.5938	-1871.5593
0.8872	0.6168	-1.0922	0.9591	0.8916	0.6433	-0.9599	0.9641	-4505.5024	93195.8906	-155752.7812	-1984.2478
0.9025	0.6211	-1.0878	0.9717	0.9071	0.6462	-0.9599	0.9764	-4709.4980	92912.0391	-156731.6406	-1679.9873
0.9174	0.6253	-1.0830	0.9839	0.9221	0.6491	-0.9599	0.9884	-4548.9810	92457.5156	-157944.3750	-1947.3894
0.9317	0.6293	-1.0780	0.9958	0.9365	0.6517	-0.9599	1.0000	-4506.2666	92419.5625	-158217.0938	-1630.4464
0.9455	0.6331	-1.0727	1.0072	0.9504	0.6542	-0.9599	1.0112	-4712.3164	92048.8203	-158928.0625	-1521.2787
0.9588	0.6368	-1.0672	1.0183	0.9638	0.6565	-0.9600	1.0220	-4380.0059	92415.5938	-166550.8906	13156.5254
0.9717	0.6403	-1.0615	1.0290	0.9767	0.6587	-0.9599	1.0325	-4122.1919	91269.1953	-162709.6719	-2772.4268
0.9841	0.6436	-1.0557	1.0393	0.9892	0.6608	-0.9599	1.0426	-4058.3943	91352.8438	-161557.0781	-2286.8538
0.9961	0.6468	-1.0498	1.0494	1.0012	0.6627	-0.9600	1.0524	-3908.0630	91154.3359	-164945.1875	-1367.5360
1.0076	0.6499	-1.0438	1.0591	1.0128	0.6645	-0.9599	1.0619	-3895.4587	91165.6484	-160129.6250	-1363.6042
1.0187	0.6528	-1.0378	1.0685	1.0239	0.6663	-0.9599	1.0711	-3820.2446	91020.5547	-160608.5312	-1743.2455
1.0294	0.6556	-1.0317	1.0775	1.0346	0.6679	-0.9599	1.0799	-3566.2939	90936.8203	-159622.3281	-1445.1133
1.0398	0.6582	-1.0256	1.0863	1.0449	0.6694	-0.9599	1.0885	-3531.5388	90749.7422	-159272.6406	-1198.0160
1.0497	0.6607	-1.0195	1.0948	1.0549	0.6708	-0.9599	1.0968	-3781.7520	90745.6797	-158960.0469	-1211.6371
1.0593	0.6631	-1.0135	1.1031	1.0645	0.6721	-0.9599	1.1049	-3289.0518	90583.2188	-157634.9375	-1298.0868
1.0686	0.6654	-1.0074	1.1111	1.0737	0.6734	-0.9599	1.1126	-3235.8882	90304.2734	-159271.6406	-2237.5989
1.0775	0.6676	-1.0014	1.1188	1.0826	0.6746	-0.9599	1.1202	-3307.2166	90451.8125	-155741.2969	-1128.3651
1.0861	0.6696	-0.9955	1.1262	1.0911	0.6758	-0.9599	1.1275	-3431.0134	90391.3047	-154393.7031	-943.8066
1.0944	0.6715	-0.9896	1.1335	1.0994	0.6768	-0.9600	1.1347	-3796.8479	89550.2344	-106200.0469	-59060.0820
1.1023	0.6734	-0.9838	1.1404	1.1073	0.6779	-0.9600	1.1413	-3103.9346	90052.3047	-154944.3125	-2028.2086
1.1100	0.6751	-0.9780	1.1472	1.1149	0.6789	-0.9599	1.1480	-2882.1145	90220.1562	-149315.2188	-1028.8508
1.1174	0.6768	-0.9724	1.1538	1.1223	0.6798	-0.9599	1.1543	-3253.7322	89995.9219	-147321.3281	-734.0958
1.1246	0.6783	-0.9668	1.1601	1.1293	0.6807	-0.9599	1.1605	-3166.1711	90125.4609	-145108.4219	-776.9324
1.1315	0.6798	-0.9613	1.1662	1.1362	0.6816	-0.9599	1.1665	-3007.2878	89809.9141	-142946.9531	-825.9672
1.1381	0.6812	-0.9559	1.1722	1.1427	0.6825	-0.9600	1.1723	-2958.9788	90575.1875	-147154.2500	13697.5479
1.1445	0.6825	-0.9506	1.1779	1.1490	0.6833	-0.9599	1.1779	-2828.7632	89783.8203	-137611.4375	-744.8409
1.1506	0.6838	-0.9455	1.1835	1.1551	0.6841	-0.9599	1.1833	-2611.3926	89461.2500	-135974.8594	-1506.2285
1.1566	0.6850	-0.9404	1.1888	1.1610	0.6849	-0.9599	1.1886	-2791.5039	89747.8359	-131646.0000	-691.4774
1.1623	0.6861	-0.9354	1.1940	1.1667	0.6856	-0.9599	1.1937	-2917.8296	89720.6953	-128676.4922	-577.1422
1.1678	0.6872	-0.9305	1.1991	1.1721	0.6863	-0.9599	1.1986	-2510.1614	89325.7109	-126711.2188	-1562.7272
1.1731	0.6882	-0.9258	1.2039	1.1773	0.6871	-0.9599	1.2034	-2495.9924	89552.6641	-121584.1172	-721.4373
1.1783	0.6891	-0.9211	1.2087	1.1824	0.6878	-0.9599	1.2080	-2512.9897	89385.6641	-118247.6641	-787.3242
1.1832	0.6900	-0.9165	1.2132	1.1873	0.6885	-0.9599	1.2125	-2325.3579	89366.3047	-114270.0625	-494.5343
1.1880	0.6909	-0.9121	1.2176	1.1920	0.6891	-0.9599	1.2168	-2562.0786	89467.7969	-110225.0312	-415.4659
1.1926	0.6917	-0.9078	1.2219	1.1965	0.6898	-0.9599	1.2210	-2302.5823	89369.1016	-106140.4062	-606.6912
1.1970	0.6925	-0.9035	1.2260	1.2009	0.6905	-0.9599	1.2250	-2276.2039	89224.7734	-101871.1172	-466.4721
1.2013	0.6932	-0.8994	1.2300	1.2051	0.6911	-0.9599	1.2290	-1904.3998	89144.2031	-97463.6328	-537.7817
1.2054	0.6939	-0.8953	1.2339	1.2091	0.6917	-0.9599	1.2328	-2335.6143	89355.6875	-93121.4922	-499.5864
1.2094	0.6945	-0.8914	1.2377	1.2130	0.6923	-0.9599	1.2364	-2021.4900	89051.6719	-88416.6406	-416.4020
1.2132	0.6951	-0.8876	1.2413	1.2168	0.6929	-0.9599	1.2400	-2114.9548	88990.8906	-83693.2422	-415.2997
1.2169	0.6957	-0.8839	1.2448	1.2204	0.6935	-0.9599	1.2434	-2225.6414	89074.6562	-78922.2344	-468.0341
1.2205	0.6963	-0.8802	1.2482	1.2239	0.6941	-0.9599	1.2468	-2177.5781	88931.4297	-73800.0312	-385.6599
1.2240	0.6968	-0.8767	1.2515	1.2273	0.6947	-0.9599	1.2500	-2248.2622	88878.4531	-68826.9297	-438.0635
1.2273	0.6973	-0.8732	1.2547	1.2306	0.6952	-0.9599	1.2531	-1916.7692	88767.3828	-64509.0078	-924.0817
1.2305	0.6977	-0.8699	1.2577	1.2337	0.6958	-0.9599	1.2561	-2298.8848	89466.2734	-60491.3828	1115.4856
1.2336	0.6982	-0.8666	1.2607	1.2367	0.6963	-0.9599	1.2591	-2118.1243	88789.9062	-52613.2539	-225.7430
1.2366	0.6986	-0.8634	1.2636	1.2397	0.6968	-0.9599	1.2619	-1899.0516	88629.3125	-47048.7422	-370.2349
1.2395	0.6990	-0.8604	1.2664	1.2425	0.6973	-0.9599	1.2647	-2090.9792	88610.8906	-41365.1211	-249.1121
1.2423	0.6994	-0.8574	1.2691	1.2452	0.6978	-0.9599	1.2673	-1997.0222	88508.6562	-36608.8945	-557.0775
1.2450	0.6997	-0.8544	1.2717	1.2478	0.6981	-0.9599	1.2699	-2040.7546	92542.3281	-29760.2148	-273.6620
1.2476	0.7001	-0.8516	1.2742	1.2504	0.6981	-0.9599	1.2724	-1906.6604	92863.1953	-23846.5195	-213.7162
1.2501	0.7004	-0.8489	1.2767	1.2528	0.6981	-0.9599	1.2748	-1958.7211	92718.2812	-18291.1035	-456.2170
1.2525	0.7007	-0.8462	1.2790	1.2552	0.6981	-0.9599	1.2772	-2079.1304	93075.2812	-11875.5430	-370.9210
1.2548	0.7010	-0.8436	1.2813	1.2575	0.6981	-0.9599	1.2794	-1780.4661	93554.5781	-5439.2324	-168.1956
1.2571	0.7013	-0.8411	1.2835	1.2597	0.6981	-0.9599	1.2816	-1810.6504	93832.0859	993.6129	-289.6463
1.2593	0.7015	-0.8386	1.2857	1.2618	0.6981	-0.9599	1.2837	-2086.9741	94174.3672	5350.6362	48.9668
1.2614	0.7018	-0.8362	1.2878	1.2638	0.6981	-0.9591	1.2858	-1723.9998	94409.9922	5404.6670	-84.4706
1.2634	0.7020	-0.8339	1.2898	1.2658	0.6981	-0.9575	1.2877	-1695.2911	94847.2188	5306.4600	164.8795
1.2654	0.7022	-0.8317	1.2917	1.2677	0.6981	-0.9552	1.2896	-1613.8260	94692.2578	5491.3926	-121.0062
1.2673	0.7024	-0.8295	1.2936	1.2696	0.6981	-0.9521	1.2915	-1608.9557	95278.5781	5423.5259	-40.6023
1.2691	0.7027	-0.8274	1.2954	1.2713	0.6981	-0.9484	1.2933	-1801.8513	95591.2422	5602.8389	-232.6204
1.2709	0.7028	-0.8253	1.2972	1.2731	0.6981	-0.9441	1.2950	-1882.3958	95922.6016	5423.6377	210.9621
1.2726	0.7030	-0.8233	1.2989	1.2747	0.6981	-0.9393	1.2967	-1645.2876	96288.6641	5534.6953	179.4755
1.2743	0.7032	-0.8214	1.3005	1.2763	0.6981	-0.9341	1.2983	-1640.2440	96655.2422	5648.0825	133.4273
1.2759	0.7034	-0.8195	1.3021	1.2779	0.6981	-0.9285	1.2999	-1666.7887	96951.5391	5786.7427	54.3913
1.2774	0.7035	-0.8177	1.3037	1.2794	0.6981	-0.9226	1.3014	-1777.3203	97238.1719	5839.6616	285.2013
1.2789	0.7037	-0.8159	1.3052	1.2808	0.6981	-0.9164	1.3029	-1535.8601	97497.7969	6201.7256	-172.0598
1.2804	0.7038	-0.8142	1.3066	1.2822	0.6981	-0.9100	1.3043	-1521.2994	97955.0938	5999.3081	494.7235
1.2818	0.7039	-0.8126	1.3080	1.2836	0.6981	-0.9035	1.3056	-2131.2419	98350.5234	6213.4077	387.5249
1.2831	0.7041	-0.8109	1.3094	1.2849	0.6981	-0.8968	1.3070	-1500.7437	98848.2734	6431.0425	77.4779
1.2844	0.7042	-0.8094	1.3107	1.2862	0.6981	-0.8901	1.3083	-1498.4840	99175.5703	6465.4585	365.3622
1.2857	0.7043	-0.8079	1.3120	1.2874	0.6981	-0.8833	1.3095	-1722.1964	99350.5625	6717.9116	176.8393
1.2869	0.7044	-0.8064	1.3132	1.2886	0.6981	-0.8766	1.3107	-1769.3287	99859.9531	6683.2036	400.1559
1.2881	0.7045	-0.8050	1.3144	1.2897	0.6981	-0.8699	1.3118	-1643.6960	99976.4844	6909.8057	259.5737
1.2892	0.7046	-0.8036	1.3155	1.2908	0.6981	-0.8632	1.3129	-1576.7183	100891.6328	6676.3828	681.2166
1.2903	0.7047	-0.8023	1.3166	1.2919	0.6981	-0.8567	1.3140	-1925.3164	101056.6953	7149.5303	430.9864
1.2914	0.7048	-0.8010	1.3177	1.2929	0.6981	-0.8503	1.3151	-1772.4893	101466.2891	7265.6650	445.1791
1.2924	0.7049	-0.7997	1.3188	1.2939	0.6981	-0.8441	1.3161	-1541.4380	102065.7188	7256.8765	447.0872
1.2934	0.7050	-0.7985	1.3198	1.2949	0.6981	-0.8381	1.3170	-1709.3651	102323.4297	7469.8677	560.5441
1.2943	0.7051	-0.7973	1.3207	1.2958	0.6981	-0.8322	1.3180	-1603.6217	102784.6875	7641.9561	481.5162
1.2953	0.7052	-0.7962	1.3217	1.2967	0.6981	-0.8266	1.3189	-1870.4197	103125.9922	7839.4492	388.9784
1.2962	0.7052	-0.7951	1.3226	1.2976	0.6981	-0.8212	1.3198	-1673.0955	103592.6328	7916.3223	321.0089
1.2970	0.7053	-0.7940	1.3235	1.2984	0.6981	-0.8160	1.3206	-1611.3789	104013.0078	8034.2354	395.1465
1.2979	0.7054	-0.7930	1.3243	1.2992	0.6981	-0.8111	1.3214	-1286.8202	104464.1328	7963.7925	703.5911
1.2987	0.7054	-0.7919	1.3252	1.3000	0.6981	-0.8064	1.3222	-1459.6841	104827.5391	8375.8525	179.4846
1.2995	0.7055	-0.7910	1.3260	1.3008	0.6981	-0.8020	1.3230	-1631.9855	105401.9531	8374.9600	286.4463
1.3002	0.7056	-0.7900	1.3267	1.3015	0.6981	-0.7978	1.3237	-1462.9543	105821.2578	8255.7119	721.1999
1.3010	0.7056	-0.7891	1.3275	1.3022	0.6981	-0.7939	1.3245	-1432.4663	106157.7812	8362.9297	958.4486
1.3017	0.7057	-0.7882	1.3282	1.3029	0.6981	-0.7902	1.3252	-1595.4612	106595.0078	8773.6553	238.4568
1.3024	0.7057	-0.7874	1.3289	1.3036	0.6981	-0.7868	1.3258	-1496.7639	107148.6094	8406.6172	983.7595
1.3030	0.7058	-0.7865	1.3296	1.3042	0.6981	-0.7836	1.3265	-1565.0936	107513.0625	8734.0176	630.4042
1.3037	0.7058	-0.7857	1.3303	1.3049	0.6981	-0.7807	1.3271	-1701.7751	107876.7266	9120.0527	122.1092
1.3043	0.7059	-0.7849	1.3309	1.3055	0.6981	-0.7780	1.3278	-1540.0884	108588.6328	8806.7236	691.8051
1.3049	0.7059	-0.7842	1.3315	1.3060	0.6981	-0.7756	1.3284	-1642.2217	108888.8828	8926.4785	533.2024
1.3055	0.7059	-0.7834	1.3321	1.3066	0.6981	-0.7733	1.3290	-1597.6476	109270.4609	8860.3906	1036.5771
1.3060	0.7060	-0.7827	1.3327	1.3071	0.6981	-0.7713	1.3295	-1737.0131	109816.5312	9099.1816	384.3319
1.3066	0.7060	-0.7820	1.3332	1.3077	0.6981	-0.7695	1.3301	-1628.2216	110191.4453	9120.3359	548.3130
1.3071	0.7061	-0.7814	1.3338	1.3082	0.6981	-0.7679	1.3306	-1479.9369	110630.2500	8746.8691	1348.8644
1.3076	0.7061	-0.7807	1.3343	1.3087	0.6981	-0.7665	1.3311	-1506.5082	111173.9531	8969.9814	946.7881
1.3081	0.7061	-0.7801	1.3348	1.3091	0.6981	-0.7653	1.3316	-1380.2776	111579.2109	9156.7598	575.9005
1.3086	0.7062	-0.7795	1.3353	1.3096	0.6981	-0.7642	1.3321	-1771.4177	111999.0078	9317.4131	486.0481
1.3090	0.7062	-0.7789	1.3358	1.3100	0.6981	-0.7633	1.3326	-1513.4525	112558.3672	9178.5049	981.4351
1.3095	0.7062	-0.7783	1.3362	1.3105	0.6981	-0.7625	1.3331	-1538.6567	112879.7422	9419.2246	683.4805
1.3099	0.7062	-0.7778	1.3367	1.3109	0.6981	-0.7619	1.3335	-1302.0703	113409.3125	9174.2627	1011.2672
1.3103	0.7063	-0.7773	1.3371	1.3113	0.6981	-0.7614	1.3340	-1526.9624	113878.1641	9005.9707	1364.3201
1.3107	0.7063	-0.7768	1.3375	1.3117	0.6981	-0.7610	1.3344	-1533.9083	114264.3125	9491.5146	482.2043
1.3111	0.7063	-0.7763	1.3379	1.3120	0.6981	-0.7607	1.3348	-1660.2900	114874.7031	9479.9756	345.5946
1.3115	0.7063	-0.7758	1.3383	1.3124	0.6981	-0.7606	1.3352	-1430.5583	115230.3281	9223.8643	749.1984
1.3118	0.7064	-0.7753	1.3387	1.3128	0.6981	-0.7605	1.3356	-1416.5111	115762.9844	9369.4854	641.5889
1.3122	0.7064	-0.7748	1.3391	1.3131	0.6981	-0.7605	1.3360	-1610.6656	116179.6094	9210.7432	1101.9252
1.3125	0.7064	-0.7744	1.3394	1.3134	0.6981	-0.7605	1.3364	-1540.3783	116693.7109	9412.4971	628.9429
1.3129	0.7064	-0.7740	1.3398	1.3137	0.6981	-0.7607	1.3367	-1325.3097	117159.2734	9112.1855	1219.2289
1.3132	0.7065	-0.7736	1.3401	1.3140	0.6981	-0.7608	1.3371	-1401.9375	117520.2656	9179.7402	1193.7623
1.3135	0.7065	-0.7732	1.3404	1.3143	0.6981	-0.7611	1.3374	-1656.0797	118196.3047	9291.6406	1018.0762
1.3138	0.7065	-0.7728	1.3407	1.3146	0.6981	-0.7613	1.3378	-1864.9219	118781.2344	9190.7764	834.9410
1.3141	0.7065	-0.7724	1.3410	1.3149	0.6981	-0.7616	1.3381	-1543.7064	118962.3906	9208.6885	1095.2229
1.3144	0.7065	-0.7721	1.3413	1.3152	0.6981	-0.7619	1.3384	-1497.9150	119501.5469	8984.4775	1510.6492
1.3146	0.7065	-0.7717	1.3416	1.3154	0.6981	-0.7623	1.3387	-1424.9843	119931.6094	9399.1162	805.6411
1.3149	0.7066	-0.7714	1.3419	1.3157	0.6981	-0.7626	1.3390	-1473.7336	120422.0938	9274.7305	974.9683
1.3151	0.7066	-0.7710	1.3421	1.3159	0.6981	-0.7630	1.3393	-1693.6315	121167.3672	8934.7471	1463.9489
1.3154	0.7066	-0.7707	1.3424	1.3161	0.6981	-0.7634	1.3396	-1471.2070	121328.9609	9473.0537	595.4838
1.3156	0.7066	-0.7704	1.3426	1.3164	0.6981	-0.7637	1.3399	-1376.6235	121273.1953	9317.0479	1042.7391
1.3159	0.7066	-0.7701	1.3429	1.3166	0.6981	-0.7641	1.3402	-1446.2291	122506.3438	8891.5479	1484.3004
1.2999	0.6958	-0.7916	1.3216	1.3057	0.6917	-0.7810	1.3242	-104219.8125	124932.2500	-21068.5352	-7068.4194
1.2598	0.6884	-0.8532	1.2766	1.2732	0.6871	-0.8428	1.2790	-118535.5078	97892.3828	10380.6797	1156.1185
1.2216	0.6794	-0.9069	1.2355	1.2376	0.6814	-0.8976	1.2375	-20033.8418	75261.8906	7460.7686	325.9192
1.1831	0.6685	-0.9569	1.1956	1.1990	0.6755	-0.9484	1.1974	-8497.7314	66440.4766	6927.6880	137.5784
1.1445	0.6560	-1.0030	1.1570	1.1588	0.6662	-0.9600	1.1571	28440.0918	100067.4844	-330586.7188	-3500.4077
1.1059	0.6422	-1.0454	1.1197	1.1190	0.6534	-0.9599	1.1201	-1558.6599	92656.1875	-325174.0000	-1294.8915
1.0675	0.6273	-1.0842	1.0835	1.0799	0.6401	-0.9599	1.0843	-2451.6001	92194.2344	-327773.5938	-1232.0497
1.0295	0.6117	-1.1193	1.0485	1.0412	0.6256	-0.9599	1.0496	-2397.1846	94506.1406	-331627.0000	-2218.2432
0.9919	0.5955	-1.1509	1.0147	1.0029	0.6101	-0.9599	1.0161	-1733.4301	97618.1484	-332615.0938	-1774.6692
0.9549	0.5791	-1.1790	0.9819	0.9653	0.5938	-0.9599	0.9837	-1135.2969	100661.2578	-334167.1250	-2097.7056
0.9186	0.5626	-1.2036	0.9502	0.9283	0.5771	-0.9600	0.9524	-343.5448	104833.7422	-349945.4375	26306.4668
0.8831	0.5464	-1.2248	0.9196	0.8921	0.5602	-0.9599	0.9221	-366.9890	106570.6875	-335844.6250	-2554.8408
0.8484	0.5306	-1.2425	0.8899	0.8567	0.5433	-0.9599	0.8928	426.8509	109435.8359	-335183.3750	-2877.7078
0.8147	0.5154	-1.2569	0.8612	0.8223	0.5268	-0.9600	0.8645	1153.8234	111557.7891	-338296.8438	-4562.6792
0.7819	0.5009	-1.2681	0.8334	0.7888	0.5108	-0.9599	0.8371	1825.7188	114047.6094	-333275.1875	-3183.3677
0.7502	0.4873	-1.2762	0.8065	0.7564	0.4954	-0.9599	0.8106	1807.2203	115995.1797	-331795.5938	-3650.1782
0.7195	0.4745	-1.2814	0.7804	0.7251	0.4808	-0.9600	0.7849	2453.0813	117735.2734	-340454.3438	2675.8372
0.6899	0.4627	-1.2839	0.7552	0.6948	0.4672	-0.9599	0.7601	2591.9558	118922.1719	-327800.4375	-3245.4504
0.6614	0.4517	-1.2838	0.7309	0.6656	0.4544	-0.9599	0.7361	3353.9590	119763.6016	-326011.5625	-3437.8176
0.6340	0.4417	-1.2815	0.7073	0.6376	0.4426	-0.9599	0.7128	3621.1179	120591.6328	-325094.4062	-3775.6643
0.6077	0.4325	-1.2771	0.6844	0.6106	0.4317	-0.9599	0.6903	4305.0088	121097.9297	-322926.0938	-4088.4700
0.5824	0.4240	-1.2709	0.6623	0.5847	0.4216	-0.9599	0.6685	3585.8521	121315.9141	-322610.3125	-3275.2285
0.5581	0.4163	-1.2631	0.6410	0.5599	0.4124	-0.9599	0.6474	2436.5386	121091.0938	-323464.5000	-4300.4160
0.5349	0.4092	-1.2540	0.6203	0.5363	0.4041	-0.9599	0.6270	789.6974	120629.7891	-321609.4375	-3843.0586
0.5127	0.4026	-1.2437	0.6002	0.5138	0.3965	-0.9600	0.6072	-651.3499	122903.0781	-336358.5000	60175.9922
0.4914	0.3966	-1.2325	0.5809	0.4924	0.3897	-0.9599	0.5880	-1839.3728	118728.1484	-322453.7812	-4213.3057
0.4710	0.3909	-1.2205	0.5621	0.4720	0.3835	-0.9599	0.5694	-3054.1548	117974.9766	-322461.6875	-3683.1914
0.4515	0.3857	-1.2078	0.5440	0.4515	0.3773	-0.9600	0.5515	34561.5977	134741.9062	-326703.8125	-6137.9971
0.4329	0.3808	-1.1947	0.5264	0.4313	0.3708	-0.9600	0.5341	9954.1475	126123.1484	-333583.2812	13234.2188
0.4151	0.3762	-1.1811	0.5094	0.4129	0.3655	-0.9599	0.5173	5653.3120	122731.1641	-322606.6250	-4277.5327
0.3981	0.3718	-1.1673	0.4930	0.3955	0.3607	-0.9599	0.5010	5161.4609	122421.7109	-325037.3750	-4737.5771
0.3819	0.3676	-1.1532	0.4771	0.3789	0.3561	-0.9599	0.4852	4898.1846	122646.7344	-322621.4062	-4202.2266
0.3664	0.3637	-1.1391	0.4617	0.3630	0.3519	-0.9599	0.4699	4812.1040	122580.8828	-322966.3750	-4519.1021
0.3515	0.3599	-1.1248	0.4468	0.3478	0.3479	-0.9599	0.4551	4637.9565	122747.5547	-322899.9375	-5066.0195
0.3373	0.3563	-1.1106	0.4323	0.3334	0.3442	-0.9600	0.4407	4627.9766	122603.9219	-329119.4375	-839.4022
0.3238	0.3527	-1.0964	0.4184	0.3196	0.3406	-0.9599	0.4268	4003.2954	123043.8516	-320451.1562	-4666.8867
0.3108	0.3494	-1.0823	0.4049	0.3064	0.3372	-0.9599	0.4133	4323.6260	123189.9766	-317784.8125	-4367.7759
0.2984	0.3461	-1.0683	0.3918	0.2938	0.3340	-0.9599	0.4003	3682.4102	123142.8672	-316453.5000	-4236.6450
0.2866	0.3429	-1.0544	0.3792	0.2818	0.3310	-0.9600	0.3877	5314.8838	126432.5391	-326410.7188	44557.1602
0.2752	0.3398	-1.0408	0.3669	0.2704	0.3281	-0.9600	0.3754	3609.0193	122694.4453	-315642.5625	-5463.1753
0.2644	0.3368	-1.0273	0.3551	0.2594	0.3253	-0.9599	0.3636	3223.6643	123671.0078	-307150.8125	-4375.5210
0.2540	0.3338	-1.0140	0.3436	0.2489	0.3226	-0.9599	0.3522	3118.4539	123788.6953	-303731.2500	-4374.9712
0.2441	0.3310	-1.0009	0.3325	0.2389	0.3201	-0.9599	0.3411	3109.3215	123944.2266	-300607.6875	-4508.1934
0.2346	0.3282	-0.9881	0.3218	0.2294	0.3176	-0.9599	0.3303	2820.6465	124119.9219	-295489.0312	-4071.7502
0.2255	0.3254	-0.9755	0.3114	0.2202	0.3152	-0.9599	0.3199	3015.2607	124203.5469	-292315.2500	-4977.3428
0.2167	0.3228	-0.9631	0.3014	0.2115	0.3129	-0.9600	0.3098	2910.8394	124039.6797	-293319.7188	-1722.3298
0.2084	0.3202	-0.9510	0.2916	0.2031	0.3107	-0.9600	0.3000	2572.1721	124085.5547	-287523.6875	-1903.7830
0.2004	0.3176	-0.9392	0.2822	0.1951	0.3085	-0.9599	0.2906	2380.1716	124483.8984	-275163.3750	-4854.1211
0.1927	0.3151	-0.9276	0.2731	0.1875	0.3064	-0.9599	0.2814	2177.2456	124844.4219	-268014.2500	-4456.5254
0.1853	0.3127	-0.9162	0.2643	0.1801	0.3044	-0.9600	0.2726	938.9639	125343.7891	-207298.8438	-45572.3633
0.1783	0.3103	-0.9052	0.2558	0.1731	0.3024	-0.9599	0.2639	1783.0853	125053.1172	-254623.7969	-4372.1655
0.1715	0.3080	-0.8943	0.2475	0.1664	0.3005	-0.9599	0.2556	1975.4056	125129.7812	-247676.5312	-4424.7744
0.1650	0.3057	-0.8838	0.2395	0.1599	0.2986	-0.9599	0.2476	1953.7802	125233.0859	-239661.9375	-4411.7866
0.1588	0.3035	-0.8735	0.2318	0.1537	0.2968	-0.9599	0.2398	1700.5902	125317.1328	-232928.3125	-4890.1357
0.1528	0.3013	-0.8634	0.2243	0.1478	0.2950	-0.9599	0.2322	1646.4265	125372.8203	-223770.3750	-4602.3462
0.1471	0.2992	-0.8536	0.2171	0.1421	0.2933	-0.9599	0.2249	1532.1069	125700.6328	-214951.8281	-4435.9487
0.1415	0.2971	-0.8440	0.2100	0.1367	0.2916	-0.9599	0.2178	2074.8411	125683.4922	-205923.0938	-4312.4243
0.1362	0.2951	-0.8347	0.2033	0.1315	0.2899	-0.9599	0.2109	1506.8922	125898.2812	-196706.1406	-4451.4424
0.1312	0.2931	-0.8256	0.1967	0.1264	0.2883	-0.9599	0.2043	1414.7684	125867.9141	-187069.3906	-4381.1934
0.1263	0.2912	-0.8168	0.1904	0.1216	0.2867	-0.9599	0.1978	1580.5729	126031.7812	-177450.3594	-4686.7939
0.1216	0.2893	-0.8082	0.1842	0.1170	0.2851	-0.9599	0.1916	1227.8560	126228.5078	-167066.5156	-4423.9321
0.1170	0.2874	-0.7998	0.1783	0.1126	0.2836	-0.9599	0.1856	1314.6514	126335.0234	-156602.7812	-4411.7476
0.1127	0.2856	-0.7917	0.1725	0.1083	0.2820	-0.9599	0.1797	1081.1049	126219.2188	-146714.6719	-4505.3130
0.1085	0.2839	-0.7837	0.1669	0.1042	0.2806	-0.9599	0.1741	1512.7631	126572.0234	-135063.5156	-4567.0732
0.1045	0.2821	-0.7760	0.1616	0.1003	0.2791	-0.9599	0.1686	1025.1874	126655.2109	-123822.0938	-4440.8784
0.1006	0.2805	-0.7685	0.1563	0.0965	0.2777	-0.9599	0.1633	1139.7827	126591.9141	-112277.9141	-4393.6475
0.0969	0.2788	-0.7612	0.1513	0.0928	0.2763	-0.9599	0.1581	855.5349	126872.7109	-100513.9141	-4393.2217
0.0933	0.2773	-0.7541	0.1464	0.0893	0.2749	-0.9599	0.1531	1049.3613	126992.2578	-88552.7734	-4410.0845
0.0899	0.2757	-0.7472	0.1417	0.0860	0.2735	-0.9599	0.1483	1176.7634	127022.8203	-76778.0312	-4606.1313
0.0866	0.2742	-0.7405	0.1371	0.0827	0.2722	-0.9599	0.1436	878.3085	127158.2266	-63886.5469	-4444.8037
0.0834	0.2727	-0.7340	0.1327	0.0796	0.2709	-0.9599	0.1391	842.2308	127245.3203	-51369.1797	-4412.2202
0.0803	0.2713	-0.7277	0.1284	0.0766	0.2696	-0.9599	0.1347	746.0517	127217.4062	-38491.8750	-4393.2725
0.0773	0.2699	-0.7216	0.1243	0.0737	0.2684	-0.9599	0.1305	784.5583	127446.4922	-25656.4180	-4486.7148
0.0745	0.2685	-0.7156	0.1202	0.0710	0.2671	-0.9599	0.1264	712.5277	127453.0938	-12160.2920	-4421.9209
0.0717	0.2672	-0.7098	0.1164	0.0683	0.2659	-0.9596	0.1224	821.3582	127214.2578	-6128.1714	-4284.6152
0.0691	0.2659	-0.7042	0.1126	0.0657	0.2648	-0.9576	0.1185	851.6635	127222.4688	-6183.5205	-4291.0488
0.0665	0.2647	-0.6987	0.1090	0.0632	0.2637	-0.9539	0.1148	884.3213	127298.4688	-6207.2471	-4287.5874
0.0641	0.2635	-0.6934	0.1055	0.0608	0.2626	-0.9485	0.1111	151.5396	127602.2109	-6218.7021	-4306.0918
0.0617	0.2623	-0.6882	0.1021	0.0585	0.2615	-0.9417	0.1076	682.9341	127727.6094	-6136.6694	-4307.7832
0.0594	0.2611	-0.6832	0.0988	0.0563	0.2604	-0.9336	0.1042	654.4402	128019.2109	-6116.4175	-4223.3350
0.0572	0.2600	-0.6784	0.0956	0.0542	0.2593	-0.9243	0.1009	697.9576	128336.3438	-5955.9644	-4376.9370
0.0551	0.2589	-0.6737	0.0925	0.0521	0.2582	-0.9139	0.0977	448.2793	128686.2578	-5871.3516	-4368.2432
0.0530	0.2579	-0.6691	0.0895	0.0501	0.2571	-0.9026	0.0947	477.2519	128959.4062	-5729.6714	-4348.5117
0.0510	0.2568	-0.6647	0.0866	0.0482	0.2560	-0.8906	0.0917	591.8994	129374.4297	-5610.3096	-4364.7314
0.0491	0.2558	-0.6604	0.0838	0.0464	0.2549	-0.8779	0.0888	616.7346	129751.8906	-5495.5806	-4350.8672
0.0473	0.2549	-0.6562	0.0811	0.0446	0.2538	-0.8646	0.0860	466.1188	130194.9844	-5240.7402	-4415.4922
0.0455	0.2539	-0.6521	0.0785	0.0429	0.2527	-0.8509	0.0833	420.5665	130638.8984	-5064.1182	-4461.0596
0.0438	0.2530	-0.6482	0.0760	0.0412	0.2516	-0.8369	0.0807	319.0367	130863.5859	-4933.0444	-4352.2505
0.0421	0.2521	-0.6444	0.0735	0.0396	0.2505	-0.8226	0.0782	436.2139	131310.6875	-4790.7046	-4387.3340
0.0405	0.2512	-0.6407	0.0711	0.0381	0.2494	-0.8082	0.0758	434.6669	131699.7188	-4422.9077	-4458.8960
0.0390	0.2504	-0.6371	0.0688	0.0366	0.2483	-0.7938	0.0734	323.2052	132086.5156	-4293.1670	-4449.0903
0.0375	0.2496	-0.6337	0.0666	0.0352	0.2473	-0.7794	0.0711	401.0290	132432.1250	-4101.4771	-4369.6055
0.0361	0.2488	-0.6303	0.0645	0.0338	0.2462	-0.7650	0.0689	320.3557	132777.2500	-3842.1643	-4459.9727
0.0347	0.2480	-0.6270	0.0624	0.0325	0.2452	-0.7509	0.0668	259.8544	133231.0625	-3655.6907	-4434.8330
0.0333	0.2473	-0.6239	0.0604	0.0312	0.2442	-0.7370	0.0647	316.7862	133389.3125	-3449.5286	-4399.8247
0.0321	0.2466	-0.6208	0.0584	0.0299	0.2433	-0.7233	0.0627	217.7349	133880.2188	-3226.4141	-4439.6362
0.0308	0.2458	-0.6178	0.0565	0.0287	0.2423	-0.7100	0.0607	195.7307	134123.2344	-3015.5688	-4435.4302
0.0296	0.2452	-0.6149	0.0547	0.0276	0.2414	-0.6971	0.0588	201.1821	134539.9062	-2848.0742	-4404.9180
0.0284	0.2445	-0.6121	0.0529	0.0265	0.2405	-0.6846	0.0570	140.0941	134773.4062	-2616.0847	-4419.7588
0.0273	0.2439	-0.6094	0.0512	0.0254	0.2397	-0.6725	0.0552	239.6570	134962.3281	-2401.3228	-4387.9233
0.0262	0.2432	-0.6068	0.0496	0.0244	0.2389	-0.6609	0.0535	268.6738	135382.7188	-2185.7913	-4501.0645
0.0252	0.2426	-0.6043	0.0480	0.0234	0.2381	-0.6498	0.0518	299.4403	135722.0938	-2073.9414	-4381.7646
0.0242	0.2420	-0.6018	0.0464	0.0224	0.2373	-0.6392	0.0502	70.8229	135887.1562	-1864.1101	-4394.1162
0.0232	0.2415	-0.5994	0.0449	0.0215	0.2366	-0.6292	0.0486	211.9863	136017.2969	-1677.5835	-4416.1045
0.0222	0.2409	-0.5971	0.0435	0.0206	0.2359	-0.6196	0.0471	87.4247	136263.0469	-1521.1898	-4382.5044
0.0213	0.2404	-0.5948	0.0421	0.0197	0.2353	-0.6106	0.0457	132.5278	136428.0625	-1376.4131	-4367.3574
0.0204	0.2399	-0.5927	0.0407	0.0188	0.2347	-0.6022	0.0442	226.0547	136631.3125	-1199.6105	-4404.9092
0.0196	0.2394	-0.5906	0.0394	0.0180	0.2341	-0.5943	0.0428	103.8722	136853.0625	-1080.1172	-4379.5073
0.0188	0.2389	-0.5885	0.0381	0.0172	0.2336	-0.5869	0.0415	208.3057	136888.6562	-1000.8934	-4324.1953
0.0180	0.2384	-0.5865	0.0369	0.0165	0.2330	-0.5800	0.0402	177.8528	137123.3125	-804.4973	-4410.4292
0.0172	0.2379	-0.5846	0.0357	0.0157	0.2326	-0.5737	0.0389	414.4895	137271.9688	-724.4233	-4334.2798
0.0165	0.2375	-0.5828	0.0346	0.0150	0.2321	-0.5679	0.0377	201.2146	137458.4219	-707.3433	-4266.1890
0.0157	0.2371	-0.5810	0.0334	0.0143	0.2317	-0.5625	0.0365	30.5967	137629.6719	-555.2559	-4299.9897
0.0150	0.2366	-0.5792	0.0324	0.0137	0.2314	-0.5577	0.0354	108.7234	137684.0156	-436.7309	-4310.1895
0.0144	0.2362	-0.5775	0.0313	0.0130	0.2310	-0.5533	0.0343	248.8274	137735.2656	-383.0679	-4324.5737
0.0137	0.2358	-0.5759	0.0303	0.0124	0.2307	-0.5493	0.0332	155.6714	137735.5000	-274.8403	-4336.9648
0.0131	0.2355	-0.5743	0.0293	0.0118	0.2304	-0.5458	0.0322	144.9146	137843.0938	-277.7620	-4294.8291
0.0125	0.2351	-0.5728	0.0284	0.0112	0.2302	-0.5426	0.0312	40.5590	137993.3594	-175.6683	-4303.4043
0.0119	0.2347	-0.5713	0.0275	0.0107	0.2299	-0.5398	0.0302	102.5619	137943.3438	-97.1482	-4281.7104
0.0113	0.2344	-0.5699	0.0266	0.0101	0.2297	-0.5374	0.0292	83.2271	137989.9219	-56.4137	-4288.1235
0.0108	0.2341	-0.5685	0.0257	0.0096	0.2296	-0.5354	0.0283	183.1407	138231.2969	-30.0001	-4320.0791
0.0103	0.2337	-0.5671	0.0249	0.0091	0.2294	-0.5336	0.0274	199.6914	138229.5000	52.6477	-4318.3726
0.0097	0.2334	-0.5658	0.0241	0.0086	0.2293	-0.5322	0.0266	141.1874	138175.0156	26.9354	-4258.0034
0.0092	0.2331	-0.5646	0.0233	0.0082	0.2291	-0.5310	0.0257	51.8765	138170.2344	70.2720	-4272.3110
0.0088	0.2328	-0.5633	0.0226	0.0077	0.2290	-0.5300	0.0249	244.5862	138144.1250	155.6259	-4289.9224
0.0083	0.2325	-0.5621	0.0218	0.0073	0.2289	-0.5293	0.0242	118.4068	138211.9219	125.0435	-4301.5674
0.0079	0.2323	-0.5610	0.0211	0.0068	0.2288	-0.5288	0.0234	73.6173	138237.9219	154.2799	-4320.6777
0.0074	0.2320	-0.5599	0.0204	0.0064	0.2288	-0.5285	0.0227	58.3135	138226.6719	170.8497	-4293.8208
0.0070	0.2317	-0.5588	0.0198	0.0060	0.2287	-0.5284	0.0220	9.5691	138170.5000	199.4322	-4317.5283
0.0066	0.2315	-0.5578	0.0191	0.0056	0.2287	-0.5284	0.0213	96.4758	138185.9844	202.3065	-4339.9858
0.0062	0.2312	-0.5568	0.0185	0.0053	0.2286	-0.5285	0.0206	94.2548	138113.9219	197.9803	-4289.6880
0.0058	0.2310	-0.5558	0.0179	0.0049	0.2286	-0.5288	0.0200	146.6969	138140.2188	125.9587	-4244.7949
0.0055	0.2308	-0.5548	0.0174	0.0045	0.2286	-0.5292	0.0194	70.6121	138156.8594	210.5968	-4310.3433
0.0051	0.2305	-0.5539	0.0168	0.0042	0.2286	-0.5296	0.0188	40.3622	138102.1719	164.2614	-4278.4316
0.0048	0.2303	-0.5530	0.0162	0.0039	0.2285	-0.5302	0.0182	79.1310	138080.3750	181.9209	-4303.6162
0.0044	0.2301	-0.5522	0.0157	0.0036	0.2285	-0.5307	0.0176	133.5441	138063.3594	209.2407	-4335.6450
0.0041	0.2299	-0.5513	0.0152	0.0033	0.2285	-0.5314	0.0171	65.1491	138163.0625	176.4229	-4327.7295
0.0038	0.2297	-0.5505	0.0147	0.0030	0.2285	-0.5320	0.0165	-588.8932	138032.4531	162.7329	-4321.8809
0.0035	0.2295	-0.5497	0.0142	0.0027	0.2285	-0.5327	0.0160	191.7135	138088.9219	66.5241	-4241.6143
0.0032	0.2293	-0.5490	0.0138	0.0024	0.2285	-0.5334	0.0155	-89.0252	137994.1562	111.9542	-4239.9297
0.0029	0.2292	-0.5483	0.0133	0.0021	0.2284	-0.5341	0.0150	149.2357	138061.3125	98.2114	-4309.5996
0.0027	0.2290	-0.5476	0.0129	0.0019	0.2284	-0.5348	0.0146	154.7305	137981.0469	148.9248	-4309.7598
0.0024	0.2288	-0.5469	0.0125	0.0016	0.2284	-0.5355	0.0141	60.3709	137950.6562	80.3362	-4287.2231
0.0022	0.2287	-0.5462	0.0121	0.0014	0.2284	-0.5361	0.0137	226.0365	137957.6406	100.9451	-4294.9780
0.0019	0.2285	-0.5456	0.0117	0.0012	0.2283	-0.5368	0.0133	-35.3824	138031.4219	117.3800	-4330.6260
0.0017	0.2284	-0.5449	0.0113	0.0009	0.2283	-0.5374	0.0129	345.2770	138042.8594	-17.9628	-4259.6934
0.0014	0.2282	-0.5443	0.0110	0.0007	0.2283	-0.5380	0.0125	128.1169	137975.6094	44.3482	-4310.9561
0.0012	0.2281	-0.5438	0.0106	0.0005	0.2282	-0.5385	0.0121	76.0746	137917.3281	91.8781	-4344.9312
0.0010	0.2279	-0.5432	0.0103	0.0003	0.2282	-0.5390	0.0117	98.0633	137861.5469	35.8893	-4297.6177
0.0008	0.2278	-0.5426	0.0099	0.0001	0.2281	-0.5395	0.0114	59.2044	137946.7188	-9.4892	-4285.4854
0.0006	0.2277	-0.5421	0.0096	-0.0001	0.2281	-0.5399	0.0110	-111.4612	137947.6562	19.1005	-4333.3315
0.0004	0.2275	-0.5416	0.0093	-0.0003	0.2280	-0.5402	0.0107	98.4017	137949.2344	-6.8185	-4270.9814
0.0002	0.2274	-0.5411	0.0090	-0.0005	0.2280	-0.5405	0.0104	37.3654	137941.3438	-34.9971	-4297.0044
0.0000	0.2273	-0.5406	0.0087	-0.0006	0.2279	-0.5408	0.0101	29.1267	137986.2500	-45.7839	-4265.7520
-0.0001	0.2272	-0.5402	0.0084	-0.0008	0.2278	-0.5410	0.0098	-2.1585	137923.2031	-13.2230	-4293.6997
-0.0003	0.2271	-0.5397	0.0082	-0.0010	0.2277	-0.5412	0.0095	55.0984	137976.8125	-36.2553	-4307.1260
-0.0005	0.2270	-0.5393	0.0079	-0.0011	0.2277	-0.5413	0.0092	149.7231	137900.9531	-51.0210	-4259.5591
-0.0006	0.2269	-0.5389	0.0076	-0.0013	0.2276	-0.5414	0.0089	-50.1726	137949.8906	68.0712	-4366.2573
-0.0008	0.2268	-0.5385	0.0074	-0.0014	0.2275	-0.5415	0.0086	96.7722	137964.1406	-64.1978	-4286.4253
-0.0009	0.2267	-0.5381	0.0072	-0.0015	0.2274	-0.5414	0.0084	83.4530	137902.0781	-56.9407	-4286.5977
-0.0010	0.2267	-0.5380	0.0071	-0.0016	0.2273	-0.5417	0.0081	525.2912	138195.8750	-32.0445	-4297.5923
-0.0010	0.2267	-0.5380	0.0071	-0.0016	0.2273	-0.5420	0.0079	164.8551	138108.6406	-61.6644	-4315.0122
-0.0010	0.2267	-0.5380	0.0071	-0.0016	0.2273	-0.5422	0.0077	149.1798	137944.1250	-50.6170	-4324.8062
-0.0010	0.2267	-0.5380	0.0071	-0.0016	0.2273	-0.5424	0.0075	61.4098	137865.6562	-51.9434	-4268.0308
-0.0010	0.2267	-0.5380	0.0071	-0.0016	0.2273	-0.5426	0.0074	18.8637	137918.0312	-15.2868	-4350.7573
-0.0010	0.2267	-0.5380	0.0071	-0.0016	0.2273	-0.5427	0.0072	171.6986	137873.3125	-51.0504	-4327.7686
-0.0010	0.2267	-0.5380	0.0071	-0.0016	0.2273	-0.5427	0.0071	-36.3799	137861.7656	-87.6482	-4308.2695
-0.0010	0.2267	-0.5380	0.0071	-0.0015	0.2272	-0.5428	0.0069	27.9827	137916.9219	-66.2833	-4301.4062
-0.0010	0.2267	-0.5380	0.0071	-0.0015	0.2272	-0.5428	0.0068	-52.8438	137937.9375	-27.5092	-4320.7344
-0.0010	0.2267	-0.5380	0.0071	-0.0015	0.2272	-0.5427	0.0067	-0.0611	137940.5625	-80.6811	-4304.7485
-0.0010	0.2267	-0.5380	0.0071	-0.0015	0.2272	-0.5427	0.0066	-58.7784	137927.2344	-72.2336	-4290.6206
-0.0010	0.2267	-0.5380	0.0071	-0.0015	0.2272	-0.5426	0.0066	51.0968	137980.9688	-94.9766	-4287.2847
-0.0010	0.2267	-0.5380	0.0071	-0.0015	0.2271	-0.5425	0.0065	-52.1932	138014.7969	-61.6513	-4323.3369
-0.0010	0.2267	-0.5380	0.0071	-0.0015	0.2271	-0.5423	0.0064	-2.4384	137959.0000	-62.2516	-4272.9668
-0.0010	0.2267	-0.5380	0.0071	-0.0015	0.2271	-0.5422	0.0064	238.3113	137951.7500	-44.7621	-4331.5229
-0.0010	0.2267	-0.5380	0.0071	-0.0015	0.2270	-0.5420	0.0063	32.4063	137939.8594	-67.4128	-4290.7612
-0.0010	0.2267	-0.5380	0.0071	-0.0014	0.2270	-0.5419	0.0063	-62.0722	137966.5625	-55.5500	-4322.0645
-0.0010	0.2267	-0.5380	0.0071	-0.0014	0.2270	-0.5417	0.0062	71.4887	137939.7031	-78.4936	-4290.4683
-0.0010	0.2267	-0.5380	0.0071	-0.0014	0.2270	-0.5415	0.0062	-0.3823	137952.8750	-21.9758	-4338.7046
